-------------------------------------------------------------------------------
 L       Percentage of nodes in the largest component
 D       Percentage of nodes in components of size at most 3 [-div option]
 R       Percentage of nodes not in L or D: 100 - L -D
 S       Percentage of nodes that are singletons
 E       Fraction of edges retained (input graph has 9900)
 cce     Expected size of component, nodewise [ sum(sz^2) / sum^2(sz) ]
 EW      Edge weight traits (mean, median and IQR)
 ND      Node degree traits [mean, median and IQR]
 CCF     Clustering coefficient (scale 1-100)
 eff     Induced component efficiency relative to start graph (scale 1-1000)
Total number of nodes: 100
----------------------------------------------------------------------------------------------
  L   D   R   S     E     cce  EWmean   EWmed   EWiqr  NDmean   NDmed  NDiqr CCF  eff  Cutoff 
----------------------------------------------------------------------------------------------
100   0   0   0 0.989     100    0.73    0.71    0.12    97.9    99.5    0.5   -    -     0.50
100   0   0   0 0.987     100    0.73    0.71    0.12    97.7    99.5    0.5   -    -     0.51
100   0   0   0 0.977     100    0.73    0.71    0.11    96.7    99.5    3.5   -    -     0.52
100   0   0   0 0.961     100    0.73    0.71    0.10    95.1    97.5    3.5   -    -     0.53
100   0   0   0 0.951     100    0.73    0.71    0.10    94.2    97.5    4.5   -    -     0.54
100   0   0   0 0.943     100    0.73    0.71    0.10    93.3    96.5    6.5   -    -     0.55
100   0   0   0 0.927     100    0.74    0.71    0.09    91.7    95.5   12.5   -    -     0.56
100   0   0   0 0.918     100    0.74    0.71    0.09    90.9    94.5   11.5   -    -     0.57
100   0   0   0 0.877     100    0.75    0.71    0.13    86.8    89.5   10.5   -    -     0.58
100   0   0   0 0.868     100    0.75    0.71    0.16    85.9    89.5   10.5   -    -     0.59
100   0   0   0 0.815     100    0.76    0.72    0.28    80.7    85.5   15.5   -    -     0.60
100   0   0   0 0.733     100    0.78    0.72    0.29    72.5    79.5   11.5   -    -     0.61
100   0   0   0 0.727     100    0.78    0.72    0.29    71.9    79.5   11.5   -    -     0.62
100   0   0   0 0.703     100    0.78    0.72    0.29    69.6    77.5   10.5   -    -     0.63
100   0   0   0 0.677     100    0.79    0.72    0.27    67.0    77.5   11.5   -    -     0.64
 89   3   8   0 0.647      80    0.79    0.72    0.27    64.1    74.5   32.5   -    -     0.65
 89   3   8   1 0.617      80    0.80    0.72    0.27    61.1    72.5   35.5   -    -     0.66
 89   3   8   1 0.585      80    0.81    0.72    0.27    58.0    71.5   35.5   -    -     0.67
 89   3   8   1 0.583      80    0.81    0.72    0.27    57.8    71.5   36.5   -    -     0.68
 89   3   8   1 0.538      80    0.82    0.72    0.27    53.2    70.5   56.5   -    -     0.69
 78   4  18   2 0.517      63    0.83    0.72    0.27    51.2    69.5   54.5   -    -     0.70
 78   6  16   2 0.499      62    0.83    0.72    0.27    49.4    67.5   54.5   -    -     0.71
 78   8  14   2 0.281      62    0.92    0.98    0.14    27.8    31.5   23.5   -    -     0.72
 32   9  59   3 0.221      23    0.97    0.98    0.00    21.8    29.5   16.5   -    -     0.73
 32   9  59   3 0.221      23    0.97    0.98    0.00    21.8    29.5   16.5   -    -     0.74
 32   9  59   3 0.221      23    0.97    0.98    0.00    21.8    29.5   16.5   -    -     0.75
 32   9  59   3 0.221      23    0.97    0.98    0.00    21.8    29.5   16.5   -    -     0.76
 32   9  59   3 0.221      23    0.97    0.98    0.00    21.8    29.5   16.5   -    -     0.77
 32   9  59   3 0.220      23    0.97    0.98    0.00    21.8    29.5   17.5   -    -     0.78
 32   9  59   3 0.217      23    0.97    0.98    0.00    21.5    29.5   18.5   -    -     0.79
 32   9  59   3 0.217      23    0.97    0.98    0.00    21.5    29.5   18.5   -    -     0.80
 32   9  59   3 0.217      23    0.97    0.98    0.00    21.5    29.5   18.5   -    -     0.81
 32   9  59   3 0.216      23    0.98    0.98    0.00    21.3    29.5   20.5   -    -     0.82
 32   9  59   3 0.214      23    0.98    0.98    0.00    21.2    29.5   24.5   -    -     0.83
 32   9  59   3 0.212      23    0.98    0.98    0.00    21.0    29.5   24.5   -    -     0.84
 32   9  59   5 0.209      23    0.98    0.98    0.00    20.7    29.5   24.5   -    -     0.85
 32   9  59   5 0.209      23    0.98    0.98    0.00    20.7    29.5   24.5   -    -     0.86
 32   9  59   5 0.209      23    0.98    0.98    0.00    20.7    29.5   24.5   -    -     0.87
 32   9  59   5 0.209      23    0.98    0.98    0.00    20.7    29.5   24.5   -    -     0.88
 32   9  59   5 0.208      23    0.98    0.98    0.00    20.6    29.5   24.5   -    -     0.89
 32   9  59   5 0.207      23    0.98    0.98    0.00    20.5    29.5   24.5   -    -     0.90
 32   9  59   5 0.207      23    0.98    0.98    0.00    20.5    29.5   24.5   -    -     0.91
 32   9  59   5 0.205      22    0.98    0.98    0.00    20.3    29.5   24.5   -    -     0.92
 32  10  58   6 0.204      21    0.98    0.98    0.00    20.2    29.5   24.5   -    -     0.93
 32  12  56   6 0.204      21    0.98    0.98    0.00    20.2    29.5   24.5   -    -     0.94
 32  12  56   6 0.204      21    0.98    0.98    0.00    20.2    29.5   24.5   -    -     0.95
 32  12  56   6 0.202      21    0.98    0.98    0.00    20.0    29.5   24.5   -    -     0.96
 32  17  51   8 0.197      21    0.98    0.98    0.00    19.5    28.5   24.5   -    -     0.97
 32  18  50  14 0.164      20    0.98    0.98    0.00    16.2    21.5   22.5   -    -     0.98
  0 100   0 100 0.000       1    0.00    0.00    0.00     0.0     0.5    0.5   -    -     0.99
---------------------------------------------------------------------------------------------
