1 1 (0) 1 : 0.344277000 0.0861186000 0.1099000000 0.0943067000 0.267315000 0.0980833000
2 2 (0) 1 : 0.351849000 0.0840072000 0.0959739000 0.1142980000 0.259368000 0.0945039000
3 3 (0) 1 : 0.463719000 0.0489866000 0.1821180000 0.1259810000 0.152832000 0.0263631000
4 4 (0) 1 : 0.465399000 0.0425717000 0.1788010000 0.1528490000 0.146488000 0.0138913000
5 5 (0) 2 : 0.999500000 0.0000999600 0.0000999600 0.0000999600 0.000099960 0.0000999600
6 6 (0) 2 : 0.999500000 0.0000999600 0.0000999600 0.0000999600 0.000099960 0.0000999600
7 7 (0) 2 : 0.999500000 0.0000999600 0.0000999600 0.0000999600 0.000099960 0.0000999600
8 8 (0) 2 : 0.984064000 0.0000999639 0.0000999639 0.0000999639 0.015536200 0.0000999639
9 9 (0) 3 : 0.000099960 0.0000999600 0.0000999600 0.0000999600 0.000099960 0.9995000000
10 10 (0) 3 : 0.000099960 0.0000999600 0.0000999600 0.0000999600 0.000099960 0.9995000000
11 11 (0) 3 : 0.000099960 0.0000999600 0.0000999600 0.0000999600 0.000099960 0.9995000000
12 12 (0) 3 : 0.070618100 0.0168522000 0.0319598000 0.0443564000 0.077865300 0.7583480000
13 13 (0) 4 : 0.089697400 0.0095958100 0.0000999820 0.0000999820 0.867392000 0.0331153000
14 14 (0) 4 : 0.000099960 0.0000999600 0.0000999600 0.0000999600 0.999500000 0.0000999600
15 15 (0) 4 : 0.003687240 0.0000999730 0.0000999730 0.0000999730 0.976949000 0.0190642000
16 16 (0) 4 : 0.000099960 0.0000999600 0.0000999600 0.0000999600 0.999500000 0.0000999600
17 17 (0) 5 : 0.000099960 0.9995000000 0.0000999600 0.0000999600 0.000099960 0.0000999600
18 18 (0) 5 : 0.000099960 0.9995000000 0.0000999600 0.0000999600 0.000099960 0.0000999600
19 19 (0) 5 : 0.000099960 0.9995000000 0.0000999600 0.0000999600 0.000099960 0.0000999600
20 20 (0) 5 : 0.000099964 0.9986860000 0.0009138480 0.0000999640 0.000099964 0.0000999640
21 21 (0) 6 : 0.000099973 0.0276945000 0.0056264700 0.9663790000 0.000099973 0.0000999730
22 22 (0) 6 : 0.000099973 0.0079669200 0.0034443600 0.9882890000 0.000099973 0.0000999730
23 23 (0) 6 : 0.000099960 0.0000999600 0.0000999600 0.9995000000 0.000099960 0.0000999600
24 24 (0) 6 : 0.000099960 0.0000999600 0.0000999600 0.9995000000 0.000099960 0.0000999600
25 25 (0) 7 : 0.087386200 0.0792410000 0.0000999820 0.6518690000 0.000099982 0.1813040000
26 26 (0) 7 : 0.105566000 0.0000999730 0.0000999730 0.7736000000 0.000099973 0.1205340000
27 27 (0) 7 : 0.109579000 0.0032944800 0.0000999820 0.7569600000 0.000099982 0.1299670000
28 28 (0) 7 : 0.079288900 0.0851273000 0.0000999820 0.6251690000 0.000099982 0.2102150000
29 29 (0) 8 : 0.000099973 0.0000999730 0.1241420000 0.8680710000 0.007487040 0.0000999730
30 30 (0) 8 : 0.000099982 0.0186528000 0.0442520000 0.8742290000 0.062666400 0.0000999820
31 31 (0) 8 : 0.000099973 0.0000999730 0.0433213000 0.9562650000 0.000114088 0.0000999730
32 32 (0) 8 : 0.000099964 0.0000999640 0.0214886000 0.9781120000 0.000099964 0.0000999640
33 33 (0) 9 : 0.000099982 0.0230501000 0.0224967000 0.2807800000 0.673473000 0.0000999820
34 34 (0) 9 : 0.000099964 0.0000999640 0.0000999640 0.2860900000 0.713510000 0.0000999640
35 35 (0) 9 : 0.000099973 0.0202027000 0.0000999730 0.2831940000 0.696303000 0.0000999730
36 36 (0) 9 : 0.009852440 0.0000999820 0.0067747100 0.3038660000 0.679307000 0.0000999820
37 37 (0) 10 : 0.073878000 0.0189309000 0.7702490000 0.0540918000 0.047080600 0.0357700000
38 38 (0) 10 : 0.037862700 0.0005239440 0.8761440000 0.0000999910 0.074440900 0.0109287000
39 39 (0) 10 : 0.032181300 0.0129760000 0.7788120000 0.0517288000 0.091248500 0.0330536000
40 40 (0) 10 : 0.000099991 0.0021316100 0.8669680000 0.0132599000 0.085141200 0.0323995000
41 41 (0) 11 : 0.000099973 0.0080086500 0.9520030000 0.0396886000 0.000099973 0.0000999730
42 42 (0) 11 : 0.000099973 0.0000999730 0.7785270000 0.1947450000 0.026427600 0.0000999730
43 43 (0) 11 : 0.007564200 0.0000999910 0.7637070000 0.1717640000 0.032358200 0.0245071000
44 44 (0) 11 : 0.007164050 0.0386490000 0.7051440000 0.1852770000 0.033370600 0.0303947000
45 45 (0) 12 : 0.000099960 0.0000999600 0.9995000000 0.0000999600 0.000099960 0.0000999600
46 46 (0) 12 : 0.000099960 0.0000999600 0.9995000000 0.0000999600 0.000099960 0.0000999600
47 47 (0) 12 : 0.000099960 0.0000999600 0.9995000000 0.0000999600 0.000099960 0.0000999600
48 48 (0) 12 : 0.000099960 0.0000999600 0.9995000000 0.0000999600 0.000099960 0.0000999600
1 1 (0) 1 : 0.0644096000 0.1007650000 0.0992780000 0.4954090000 0.0468967000 0.1932420000
2 2 (0) 1 : 0.0570168000 0.0916647000 0.1102480000 0.5080780000 0.0329484000 0.2000440000
3 3 (0) 1 : 0.0796139000 0.1891150000 0.0782873000 0.4313080000 0.0798824000 0.1417930000
4 4 (0) 1 : 0.1060100000 0.1722350000 0.0913653000 0.4163920000 0.0876906000 0.1263070000
5 5 (0) 2 : 0.0000999730 0.0108166000 0.0039820100 0.0000999730 0.9849010000 0.0000999730
6 6 (0) 2 : 0.0000999600 0.0000999600 0.0000999600 0.0000999600 0.9995000000 0.0000999600
7 7 (0) 2 : 0.0000999600 0.0000999600 0.0000999600 0.0000999600 0.9995000000 0.0000999600
8 8 (0) 2 : 0.0000999820 0.0069301700 0.0009918330 0.0209782000 0.9709000000 0.0000999820
9 9 (0) 3 : 0.0000999600 0.0000999600 0.0000999600 0.0000999600 0.0000999600 0.9995000000
10 10 (0) 3 : 0.0000999600 0.0000999600 0.0000999600 0.0000999600 0.0000999600 0.9995000000
11 11 (0) 3 : 0.0000999600 0.0000999600 0.0000999600 0.0000999600 0.0000999600 0.9995000000
12 12 (0) 3 : 0.0483806000 0.0203285000 0.0219460000 0.0563447000 0.0717081000 0.7812920000
13 13 (0) 4 : 0.0000999820 0.0000999820 0.0087537300 0.8848180000 0.0824062000 0.0238222000
14 14 (0) 4 : 0.0000999600 0.0000999600 0.0000999600 0.9995000000 0.0000999600 0.0000999600
15 15 (0) 4 : 0.0000999639 0.0000999639 0.0000999639 0.9760300000 0.0000999639 0.0235701000
16 16 (0) 4 : 0.0000999600 0.0000999600 0.0000999600 0.9995000000 0.0000999600 0.0000999600
17 17 (0) 5 : 0.0000999600 0.0000999600 0.9995000000 0.0000999600 0.0000999600 0.0000999600
18 18 (0) 5 : 0.0000999600 0.0000999600 0.9995000000 0.0000999600 0.0000999600 0.0000999600
19 19 (0) 5 : 0.0000999600 0.0000999600 0.9995000000 0.0000999600 0.0000999600 0.0000999600
20 20 (0) 5 : 0.0000999640 0.0016923400 0.9979080000 0.0000999640 0.0000999640 0.0000999640
21 21 (0) 6 : 0.9775620000 0.0000999639 0.0220380000 0.0000999639 0.0000999639 0.0000999639
22 22 (0) 6 : 0.9933610000 0.0000999640 0.0062388800 0.0000999640 0.0000999640 0.0000999640
23 23 (0) 6 : 0.9995000000 0.0000999600 0.0000999600 0.0000999600 0.0000999600 0.0000999600
24 24 (0) 6 : 0.9995000000 0.0000999600 0.0000999600 0.0000999600 0.0000999600 0.0000999600
25 25 (0) 7 : 0.6748240000 0.0000999820 0.0761174000 0.0000999820 0.0669840000 0.1818750000
26 26 (0) 7 : 0.7618790000 0.0117801000 0.0055315300 0.0000999910 0.0883456000 0.1323640000
27 27 (0) 7 : 0.7613820000 0.0000999820 0.0102688000 0.0000999820 0.0987970000 0.1293520000
28 28 (0) 7 : 0.6388730000 0.0127841000 0.0911997000 0.0000999910 0.0752854000 0.1817570000
29 29 (0) 8 : 0.8618530000 0.1313640000 0.0000999730 0.0064828400 0.0000999730 0.0000999730
30 30 (0) 8 : 0.9053160000 0.0329714000 0.0083801200 0.0531321000 0.0000999820 0.0000999820
31 31 (0) 8 : 0.9335130000 0.0660875000 0.0000999640 0.0000999640 0.0000999640 0.0000999640
32 32 (0) 8 : 0.9535050000 0.0460953000 0.0000999640 0.0000999640 0.0000999640 0.0000999640
33 33 (0) 9 : 0.3417780000 0.0100663000 0.0137773000 0.5888520000 0.0454266000 0.0000999910
34 34 (0) 9 : 0.3245520000 0.0000999820 0.0001502300 0.6168070000 0.0582910000 0.0000999820
35 35 (0) 9 : 0.3305080000 0.0000999820 0.0120370000 0.6111210000 0.0461340000 0.0000999820
36 36 (0) 9 : 0.3312360000 0.0000999820 0.0169579000 0.5755490000 0.0760566000 0.0000999820
37 37 (0) 10 : 0.0302087000 0.7826260000 0.0265542000 0.0851058000 0.0412213000 0.0342839000
38 38 (0) 10 : 0.0000999820 0.8495230000 0.0111352000 0.1175670000 0.0000999820 0.0215748000
39 39 (0) 10 : 0.0602813000 0.7613190000 0.0025237200 0.1191170000 0.0285922000 0.0281663000
40 40 (0) 10 : 0.0000999820 0.8497140000 0.0228180000 0.0871862000 0.0000999820 0.0400818000
41 41 (0) 11 : 0.0273901000 0.9722100000 0.0000999640 0.0000999640 0.0000999640 0.0000999640
42 42 (0) 11 : 0.1948740000 0.7702730000 0.0000999730 0.0345533000 0.0000999730 0.0000999730
43 43 (0) 11 : 0.1637440000 0.7676910000 0.0000999910 0.0442070000 0.0059654000 0.0182918000
44 44 (0) 11 : 0.1748590000 0.7022640000 0.0279104000 0.0518809000 0.0185066000 0.0245793000
45 45 (0) 12 : 0.0000999600 0.9995000000 0.0000999600 0.0000999600 0.0000999600 0.0000999600
46 46 (0) 12 : 0.0000999600 0.9995000000 0.0000999600 0.0000999600 0.0000999600 0.0000999600
47 47 (0) 12 : 0.0000999600 0.9995000000 0.0000999600 0.0000999600 0.0000999600 0.0000999600
48 48 (0) 12 : 0.0000999600 0.9995000000 0.0000999600 0.0000999600 0.0000999600 0.0000999600
1 1 (0) 1 : 0.0195453000 0.0421454000 0.1009200000 0.6865830000 0.0721821000 0.0786242000
2 2 (0) 1 : 0.0136275000 0.0511258000 0.1195490000 0.7050480000 0.0421938000 0.0684558000
3 3 (0) 1 : 0.0000999730 0.0000999730 0.1181540000 0.7768950000 0.1046510000 0.0000999730
4 4 (0) 1 : 0.0000999820 0.0086341800 0.1445950000 0.7587240000 0.0878466000 0.0000999820
5 5 (0) 2 : 0.0000999639 0.0000999639 0.0000999639 0.9906260000 0.0000999639 0.0089740200
6 6 (0) 2 : 0.0261224000 0.0000999639 0.0000999639 0.9734780000 0.0000999639 0.0000999639
7 7 (0) 2 : 0.0080071800 0.0000999639 0.0000999639 0.9915930000 0.0000999639 0.0000999639
8 8 (0) 2 : 0.0118723000 0.0000999729 0.0000999729 0.9474180000 0.0000999729 0.0404096000
9 9 (0) 3 : 0.9995000000 0.0000999600 0.0000999600 0.0000999600 0.0000999600 0.0000999600
10 10 (0) 3 : 0.9995000000 0.0000999600 0.0000999600 0.0000999600 0.0000999600 0.0000999600
11 11 (0) 3 : 0.9995000000 0.0000999600 0.0000999600 0.0000999600 0.0000999600 0.0000999600
12 12 (0) 3 : 0.7766730000 0.0184696000 0.0507240000 0.0725603000 0.0243823000 0.0571913000
13 13 (0) 4 : 0.0179480000 0.0000999729 0.0000999729 0.1925660000 0.0000999729 0.7891860000
14 14 (0) 4 : 0.0000999600 0.0000999600 0.0000999600 0.0000999600 0.0000999600 0.9995000000
15 15 (0) 4 : 0.0031072500 0.0000999730 0.0000999730 0.0839984000 0.0000999730 0.9125940000
16 16 (0) 4 : 0.0000999600 0.0000999600 0.0000999600 0.0000999600 0.0000999600 0.9995000000
17 17 (0) 5 : 0.0000999600 0.9995000000 0.0000999600 0.0000999600 0.0000999600 0.0000999600
18 18 (0) 5 : 0.0000999600 0.9995000000 0.0000999600 0.0000999600 0.0000999600 0.0000999600
19 19 (0) 5 : 0.0000999600 0.9995000000 0.0000999600 0.0000999600 0.0000999600 0.0000999600
20 20 (0) 5 : 0.0000999730 0.9852410000 0.0000999730 0.0025791800 0.0118800000 0.0000999730
21 21 (0) 6 : 0.0000999639 0.0154403000 0.9841600000 0.0000999639 0.0000999639 0.0000999639
22 22 (0) 6 : 0.0000999640 0.0128195000 0.9867810000 0.0000999640 0.0000999640 0.0000999640
23 23 (0) 6 : 0.0000999600 0.0000999600 0.9995000000 0.0000999600 0.0000999600 0.0000999600
24 24 (0) 6 : 0.0000999640 0.0000999640 0.9966960000 0.0029039600 0.0000999640 0.0000999640
25 25 (0) 7 : 0.1750510000 0.0627226000 0.6552550000 0.1067710000 0.0000999820 0.0000999820
26 26 (0) 7 : 0.0887418000 0.0000999820 0.7422390000 0.1587280000 0.0100907000 0.0000999820
27 27 (0) 7 : 0.0917207000 0.0113171000 0.7441410000 0.1526210000 0.0000999820 0.0000999820
28 28 (0) 7 : 0.1922620000 0.0743733000 0.6385010000 0.0946638000 0.0000999820 0.0000999820
29 29 (0) 8 : 0.0000999820 0.0028963800 0.8573080000 0.0000999820 0.1141540000 0.0254420000
30 30 (0) 8 : 0.0000999820 0.0061646800 0.8907520000 0.0000999820 0.0204328000 0.0824506000
31 31 (0) 8 : 0.0000999640 0.0000999640 0.9695840000 0.0000999640 0.0300162000 0.0000999640
32 32 (0) 8 : 0.0000999640 0.0000999640 0.9805140000 0.0000999640 0.0190859000 0.0000999640
33 33 (0) 9 : 0.0000999820 0.0249299000 0.2417120000 0.0000999820 0.0266472000 0.7065100000
34 34 (0) 9 : 0.0000999730 0.0120103000 0.2399140000 0.0000999730 0.0000999730 0.7477760000
35 35 (0) 9 : 0.0000999730 0.0000999730 0.2477230000 0.0000999730 0.0090722900 0.7429050000
36 36 (0) 9 : 0.0000999640 0.0000999640 0.2663000000 0.0000999640 0.0000999640 0.7333000000
37 37 (0) 10 : 0.0203456000 0.0236168000 0.0552489000 0.1334630000 0.7489630000 0.0183626000
38 38 (0) 10 : 0.0000999730 0.0000999730 0.0000999730 0.1208550000 0.8512820000 0.0275630000
39 39 (0) 10 : 0.0000999820 0.0000999820 0.0622285000 0.1491390000 0.7401780000 0.0482542000
40 40 (0) 10 : 0.0042830400 0.0082634300 0.0000999910 0.0811085000 0.8616150000 0.0446296000
41 41 (0) 11 : 0.0000999640 0.0000999640 0.0433234000 0.0000999640 0.9562770000 0.0000999640
42 42 (0) 11 : 0.0000999910 0.0087472000 0.2030790000 0.0238752000 0.7422650000 0.0219342000
43 43 (0) 11 : 0.0028735500 0.0000999910 0.1798710000 0.0475950000 0.7415660000 0.0279941000
44 44 (0) 11 : 0.0306013000 0.0483355000 0.1584380000 0.0000999910 0.7036730000 0.0588514000
45 45 (0) 12 : 0.0000999600 0.0000999600 0.0000999600 0.0000999600 0.9995000000 0.0000999600
46 46 (0) 12 : 0.0000999600 0.0000999600 0.0000999600 0.0000999600 0.9995000000 0.0000999600
47 47 (0) 12 : 0.0000999600 0.0000999600 0.0000999600 0.0000999600 0.9995000000 0.0000999600
48 48 (0) 12 : 0.0000999600 0.0000999600 0.0000999600 0.0000999600 0.9995000000 0.0000999600
1 1 (0) 1 : 0.0093253200 0.064047600 0.1821230000 0.1044000000 0.5473280000 0.092776200
2 2 (0) 1 : 0.0036028000 0.076838200 0.1801690000 0.0902057000 0.5477320000 0.101453000
3 3 (0) 1 : 0.0153457000 0.065252900 0.1589440000 0.1792950000 0.5108090000 0.070353300
4 4 (0) 1 : 0.0084578400 0.111263000 0.1413040000 0.1639930000 0.5053860000 0.069596600
5 5 (0) 2 : 0.9995000000 0.000099960 0.0000999600 0.0000999600 0.0000999600 0.000099960
6 6 (0) 2 : 0.9982390000 0.000099964 0.0013614300 0.0000999640 0.0000999640 0.000099964
7 7 (0) 2 : 0.9995000000 0.000099960 0.0000999600 0.0000999600 0.0000999600 0.000099960
8 8 (0) 2 : 0.9913630000 0.008237100 0.0000999640 0.0000999640 0.0000999640 0.000099964
9 9 (0) 3 : 0.0000999600 0.000099960 0.9995000000 0.0000999600 0.0000999600 0.000099960
10 10 (0) 3 : 0.0000999600 0.000099960 0.9995000000 0.0000999600 0.0000999600 0.000099960
11 11 (0) 3 : 0.0000999600 0.000099960 0.9995000000 0.0000999600 0.0000999600 0.000099960
12 12 (0) 3 : 0.0729189000 0.038516700 0.7759720000 0.0248800000 0.0782336000 0.009479230
13 13 (0) 4 : 0.0732561000 0.000099982 0.0216356000 0.0000999820 0.9022840000 0.002623840
14 14 (0) 4 : 0.0000999600 0.000099960 0.0000999600 0.0000999600 0.9995000000 0.000099960
15 15 (0) 4 : 0.0000999600 0.000099960 0.0000999600 0.0000999600 0.9995000000 0.000099960
16 16 (0) 4 : 0.0000999600 0.000099960 0.0000999600 0.0000999600 0.9995000000 0.000099960
17 17 (0) 5 : 0.0000999600 0.000099960 0.0000999600 0.0000999600 0.0000999600 0.999500000
18 18 (0) 5 : 0.0000999600 0.000099960 0.0000999600 0.0000999600 0.0000999600 0.999500000
19 19 (0) 5 : 0.0000999600 0.000099960 0.0000999600 0.0000999600 0.0000999600 0.999500000
20 20 (0) 5 : 0.0128979000 0.002157590 0.0000999820 0.0005129920 0.0000999820 0.984232000
21 21 (0) 6 : 0.0000999639 0.972300000 0.0000999639 0.0000999639 0.0000999639 0.027299800
22 22 (0) 6 : 0.0000999600 0.999500000 0.0000999600 0.0000999600 0.0000999600 0.000099960
23 23 (0) 6 : 0.0000999600 0.999500000 0.0000999600 0.0000999600 0.0000999600 0.000099960
24 24 (0) 6 : 0.0000999600 0.999500000 0.0000999600 0.0000999600 0.0000999600 0.000099960
25 25 (0) 7 : 0.0591773000 0.654198000 0.2111030000 0.0000999820 0.0000999820 0.075321800
26 26 (0) 7 : 0.0772065000 0.766457000 0.1500430000 0.0060936000 0.0000999820 0.000099982
27 27 (0) 7 : 0.0654779000 0.774081000 0.1601410000 0.0000999730 0.0000999730 0.000099973
28 28 (0) 7 : 0.0450481000 0.631151000 0.2306170000 0.0085599000 0.0000999910 0.084524000
29 29 (0) 8 : 0.0000999730 0.836126000 0.0000999730 0.1542110000 0.0000999730 0.009363670
30 30 (0) 8 : 0.0000999820 0.905584000 0.0000999820 0.0392594000 0.0432951000 0.011661700
31 31 (0) 8 : 0.0000999640 0.947149000 0.0000999640 0.0524512000 0.0000999640 0.000099964
32 32 (0) 8 : 0.0000999640 0.961174000 0.0000999640 0.0384264000 0.0000999640 0.000099964
33 33 (0) 9 : 0.1003710000 0.357029000 0.0000999910 0.0079096300 0.5155400000 0.019050800
34 34 (0) 9 : 0.1228680000 0.359600000 0.0000999820 0.0000999820 0.5089360000 0.008395320
35 35 (0) 9 : 0.1231380000 0.351836000 0.0000999820 0.0000999820 0.5244220000 0.000404534
36 36 (0) 9 : 0.1516550000 0.354756000 0.0000999820 0.0139510000 0.4794380000 0.000099982
37 37 (0) 10 : 0.0406623000 0.022882300 0.0573704000 0.7901740000 0.0483624000 0.040548600
38 38 (0) 10 : 0.0000999820 0.000099982 0.0275371000 0.8582930000 0.1086070000 0.005362780
39 39 (0) 10 : 0.0107284000 0.043088900 0.0409395000 0.7874440000 0.1069070000 0.010892300
40 40 (0) 10 : 0.0000999820 0.000099982 0.0194597000 0.8565200000 0.0972773000 0.026543400
41 41 (0) 11 : 0.0000999640 0.038188200 0.0000999640 0.9614120000 0.0000999640 0.000099964
42 42 (0) 11 : 0.0000999730 0.182291000 0.0000999730 0.7761250000 0.0412836000 0.000099973
43 43 (0) 11 : 0.0082921200 0.175791000 0.0082874600 0.7550360000 0.0524936000 0.000099991
44 44 (0) 11 : 0.0130179000 0.164422000 0.0214041000 0.7171030000 0.0340739000 0.049978900
45 45 (0) 12 : 0.0000999600 0.000099960 0.0000999600 0.9995000000 0.0000999600 0.000099960
46 46 (0) 12 : 0.0000999600 0.000099960 0.0000999600 0.9995000000 0.0000999600 0.000099960
47 47 (0) 12 : 0.0000999600 0.000099960 0.0000999600 0.9995000000 0.0000999600 0.000099960
48 48 (0) 12 : 0.0000999600 0.000099960 0.0000999600 0.9995000000 0.0000999600 0.000099960
1 1 (0) 1 : 0.0083076400 0.1091290000 0.0631747000 0.0459849000 0.0649520000 0.708452000
2 2 (0) 1 : 0.0000999900 0.1243720000 0.0668995000 0.0512429000 0.0564247000 0.700961000
3 3 (0) 1 : 0.0000999820 0.0986984000 0.0082316400 0.0000999820 0.1236190000 0.769251000
4 4 (0) 1 : 0.0000999820 0.1186770000 0.0086522000 0.0000999820 0.1103190000 0.762152000
5 5 (0) 2 : 0.0087856500 0.0000999729 0.0000999729 0.0029078400 0.0000999729 0.988007000
6 6 (0) 2 : 0.0283060000 0.0000999639 0.0000999639 0.0000999639 0.0000999639 0.971294000
7 7 (0) 2 : 0.0092999700 0.0000999639 0.0000999639 0.0000999639 0.0000999639 0.990300000
8 8 (0) 2 : 0.0318793000 0.0000999729 0.0000999729 0.0151323000 0.0000999729 0.952688000
9 9 (0) 3 : 0.9995000000 0.0000999600 0.0000999600 0.0000999600 0.0000999600 0.000099960
10 10 (0) 3 : 0.9995000000 0.0000999600 0.0000999600 0.0000999600 0.0000999600 0.000099960
11 11 (0) 3 : 0.9995000000 0.0000999600 0.0000999600 0.0000999600 0.0000999600 0.000099960
12 12 (0) 3 : 0.7573080000 0.0536490000 0.0194999000 0.0611236000 0.0162535000 0.092165800
13 13 (0) 4 : 0.0000999639 0.0000999639 0.0000999639 0.7957900000 0.0000999639 0.203810000
14 14 (0) 4 : 0.0000999600 0.0000999600 0.0000999600 0.9995000000 0.0000999600 0.000099960
15 15 (0) 4 : 0.0011791900 0.0000999730 0.0000999730 0.9197850000 0.0000999730 0.078736000
16 16 (0) 4 : 0.0000999600 0.0000999600 0.0000999600 0.9995000000 0.0000999600 0.000099960
17 17 (0) 5 : 0.0000999600 0.0000999600 0.9995000000 0.0000999600 0.0000999600 0.000099960
18 18 (0) 5 : 0.0000999600 0.0000999600 0.9995000000 0.0000999600 0.0000999600 0.000099960
19 19 (0) 5 : 0.0000999600 0.0000999600 0.9995000000 0.0000999600 0.0000999600 0.000099960
20 20 (0) 5 : 0.0033994100 0.0000999820 0.9796890000 0.0068775100 0.0098339300 0.000099982
21 21 (0) 6 : 0.0000999730 0.9964700000 0.0024838300 0.0000999730 0.0007464020 0.000099973
22 22 (0) 6 : 0.0000999640 0.9951880000 0.0044118000 0.0000999640 0.0000999640 0.000099964
23 23 (0) 6 : 0.0000999600 0.9995000000 0.0000999600 0.0000999600 0.0000999600 0.000099960
24 24 (0) 6 : 0.0000999600 0.9995000000 0.0000999600 0.0000999600 0.0000999600 0.000099960
25 25 (0) 7 : 0.1654030000 0.6721950000 0.0586585000 0.0000999820 0.0000999820 0.103543000
26 26 (0) 7 : 0.0894203000 0.7454620000 0.0000999730 0.0000999730 0.0000999730 0.164818000
27 27 (0) 7 : 0.0943409000 0.7519900000 0.0052807300 0.0000999820 0.0000999820 0.148188000
28 28 (0) 7 : 0.1843660000 0.6383200000 0.0722152000 0.0000999910 0.0030209200 0.101978000
29 29 (0) 8 : 0.0000999730 0.8576030000 0.0000999730 0.0087275800 0.1333700000 0.000099973
30 30 (0) 8 : 0.0000999820 0.8616300000 0.0086423700 0.0787888000 0.0507393000 0.000099982
31 31 (0) 8 : 0.0000999730 0.9327380000 0.0000999730 0.0115216000 0.0554404000 0.000099973
32 32 (0) 8 : 0.0000999640 0.9662560000 0.0000999640 0.0000999640 0.0333437000 0.000099964
33 33 (0) 9 : 0.0000999820 0.2514540000 0.0076778500 0.7154120000 0.0252566000 0.000099982
34 34 (0) 9 : 0.0000999820 0.2229050000 0.0092848100 0.7652550000 0.0023550200 0.000099982
35 35 (0) 9 : 0.0000999730 0.2341200000 0.0128823000 0.7526980000 0.0000999730 0.000099973
36 36 (0) 9 : 0.0000999640 0.2533540000 0.0000999640 0.7462460000 0.0000999640 0.000099964
37 37 (0) 10 : 0.0000999910 0.0666309000 0.0298124000 0.0239546000 0.7251600000 0.154342000
38 38 (0) 10 : 0.0000999820 0.0000999820 0.0022191600 0.0338043000 0.8361920000 0.127584000
39 39 (0) 10 : 0.0000999820 0.0592535000 0.0000999820 0.0735821000 0.7238030000 0.143161000
40 40 (0) 10 : 0.0000999820 0.0000999820 0.0182561000 0.0398958000 0.8252160000 0.116432000
41 41 (0) 11 : 0.0000999730 0.0513461000 0.0056620300 0.0000999730 0.9426920000 0.000099973
42 42 (0) 11 : 0.0000999820 0.2059150000 0.0000999820 0.0176436000 0.7572790000 0.018961500
43 43 (0) 11 : 0.0106853000 0.1919130000 0.0000999910 0.0329637000 0.7301160000 0.034221800
44 44 (0) 11 : 0.0464186000 0.1820730000 0.0356668000 0.0502903000 0.6854510000 0.000099991
45 45 (0) 12 : 0.0000999600 0.0000999600 0.0000999600 0.0000999600 0.9995000000 0.000099960
46 46 (0) 12 : 0.0000999600 0.0000999600 0.0000999600 0.0000999600 0.9995000000 0.000099960
47 47 (0) 12 : 0.0000999600 0.0000999600 0.0000999600 0.0000999600 0.9995000000 0.000099960
48 48 (0) 12 : 0.0000999600 0.0000999600 0.0000999600 0.0000999600 0.9995000000 0.000099960
1 1 (0) 1 : 0.5184330000 0.1059260000 0.1728670000 0.0801196000 0.1031800000 0.0194753000
2 2 (0) 1 : 0.5484770000 0.0909591000 0.1700100000 0.0764557000 0.0982454000 0.0158529000
3 3 (0) 1 : 0.5040730000 0.2031860000 0.1513230000 0.0472435000 0.0771672000 0.0170074000
4 4 (0) 1 : 0.4892580000 0.1961620000 0.1285080000 0.0793855000 0.0670442000 0.0396425000
5 5 (0) 2 : 0.0000999730 0.0096530500 0.0000999730 0.0000999730 0.0144182000 0.9756290000
6 6 (0) 2 : 0.0000999600 0.0000999600 0.0000999600 0.0000999600 0.0000999600 0.9995000000
7 7 (0) 2 : 0.0000999600 0.0000999600 0.0000999600 0.0000999600 0.0000999600 0.9995000000
8 8 (0) 2 : 0.0041216700 0.0000999640 0.0000999640 0.0000999640 0.0000999640 0.9954780000
9 9 (0) 3 : 0.0000999600 0.0000999600 0.9995000000 0.0000999600 0.0000999600 0.0000999600
10 10 (0) 3 : 0.0000999600 0.0000999600 0.9995000000 0.0000999600 0.0000999600 0.0000999600
11 11 (0) 3 : 0.0000999600 0.0000999600 0.9995000000 0.0000999600 0.0000999600 0.0000999600
12 12 (0) 3 : 0.0653919000 0.0266880000 0.7722980000 0.0575335000 0.0140947000 0.0639942000
13 13 (0) 4 : 0.9101560000 0.0000999730 0.0276790000 0.0000999730 0.0000999730 0.0618647000
14 14 (0) 4 : 0.9995000000 0.0000999600 0.0000999600 0.0000999600 0.0000999600 0.0000999600
15 15 (0) 4 : 0.9883270000 0.0000999639 0.0112731000 0.0000999639 0.0000999639 0.0000999639
16 16 (0) 4 : 0.9995000000 0.0000999600 0.0000999600 0.0000999600 0.0000999600 0.0000999600
17 17 (0) 5 : 0.0000999600 0.0000999600 0.0000999600 0.0000999600 0.9995000000 0.0000999600
18 18 (0) 5 : 0.0000999600 0.0000999600 0.0000999600 0.0000999600 0.9995000000 0.0000999600
19 19 (0) 5 : 0.0000999600 0.0000999600 0.0000999600 0.0000999600 0.9995000000 0.0000999600
20 20 (0) 5 : 0.0000999730 0.0013057400 0.0000999730 0.0000999730 0.9834450000 0.0149495000
21 21 (0) 6 : 0.0000999639 0.0000999639 0.0000999639 0.9910380000 0.0085622500 0.0000999639
22 22 (0) 6 : 0.0000999600 0.0000999600 0.0000999600 0.9995000000 0.0000999600 0.0000999600
23 23 (0) 6 : 0.0000999600 0.0000999600 0.0000999600 0.9995000000 0.0000999600 0.0000999600
24 24 (0) 6 : 0.0000999600 0.0000999600 0.0000999600 0.9995000000 0.0000999600 0.0000999600
25 25 (0) 7 : 0.0000999900 0.0002544920 0.2158860000 0.6317010000 0.0803191000 0.0717397000
26 26 (0) 7 : 0.0000999730 0.0000999730 0.1357370000 0.7715390000 0.0000999730 0.0924239000
27 27 (0) 7 : 0.0000999820 0.0000999820 0.1446040000 0.7442130000 0.0069513900 0.1040320000
28 28 (0) 7 : 0.0000999900 0.0287790000 0.2210770000 0.5967650000 0.0945921000 0.0586870000
29 29 (0) 8 : 0.0087072700 0.1253820000 0.0000999820 0.8565250000 0.0091857700 0.0000999820
30 30 (0) 8 : 0.0420010000 0.0417585000 0.0000999820 0.9120770000 0.0039635400 0.0000999820
31 31 (0) 8 : 0.0000999730 0.0397616000 0.0000999730 0.9595890000 0.0003496330 0.0000999730
32 32 (0) 8 : 0.0000999640 0.0142471000 0.0000999640 0.9853530000 0.0000999640 0.0000999640
33 33 (0) 9 : 0.5367490000 0.0050275300 0.0000999910 0.3863810000 0.0080997200 0.0636427000
34 34 (0) 9 : 0.5720380000 0.0000999820 0.0000999820 0.3548030000 0.0140823000 0.0588768000
35 35 (0) 9 : 0.5595580000 0.0000999820 0.0000999820 0.3622980000 0.0019275900 0.0760168000
36 36 (0) 9 : 0.5614980000 0.0000999730 0.0000999730 0.3525720000 0.0000999730 0.0856304000
37 37 (0) 10 : 0.0596307000 0.7661020000 0.0380561000 0.0558021000 0.0346618000 0.0457477000
38 38 (0) 10 : 0.1087460000 0.8718010000 0.0070947900 0.0000999820 0.0121587000 0.0000999820
39 39 (0) 10 : 0.1222230000 0.7924300000 0.0121383000 0.0382297000 0.0197649000 0.0152138000
40 40 (0) 10 : 0.0952153000 0.8462150000 0.0287275000 0.0223666000 0.0073752600 0.0000999910
41 41 (0) 11 : 0.0000999640 0.9619990000 0.0000999640 0.0376015000 0.0000999640 0.0000999640
42 42 (0) 11 : 0.0204697000 0.7574620000 0.0000999820 0.2146730000 0.0000999820 0.0071944300
43 43 (0) 11 : 0.0382507000 0.7727560000 0.0085464200 0.1709940000 0.0000999910 0.0093529100
44 44 (0) 11 : 0.0310775000 0.7184740000 0.0000999910 0.1897210000 0.0209447000 0.0396825000
45 45 (0) 12 : 0.0000999600 0.9995000000 0.0000999600 0.0000999600 0.0000999600 0.0000999600
46 46 (0) 12 : 0.0000999600 0.9995000000 0.0000999600 0.0000999600 0.0000999600 0.0000999600
47 47 (0) 12 : 0.0000999600 0.9995000000 0.0000999600 0.0000999600 0.0000999600 0.0000999600
48 48 (0) 12 : 0.0000999600 0.9995000000 0.0000999600 0.0000999600 0.0000999600 0.0000999600
1 1 (0) 1 : 0.0981689000 0.494849000 0.225946000 0.0170910000 0.1185010000 0.0454433000
2 2 (0) 1 : 0.1108930000 0.500648000 0.220428000 0.0046537500 0.1124460000 0.0509321000
3 3 (0) 1 : 0.0796176000 0.444909000 0.182506000 0.0496307000 0.1952490000 0.0480880000
4 4 (0) 1 : 0.0681397000 0.412201000 0.157113000 0.0665335000 0.1831410000 0.1128720000
5 5 (0) 2 : 0.0021426900 0.000099964 0.000099964 0.9974570000 0.0000999640 0.0000999640
6 6 (0) 2 : 0.0000999640 0.000099964 0.008242550 0.9913580000 0.0000999640 0.0000999640
7 7 (0) 2 : 0.0000999600 0.000099960 0.000099960 0.9995000000 0.0000999600 0.0000999600
8 8 (0) 2 : 0.0000999640 0.004230200 0.000099964 0.9953700000 0.0000999640 0.0000999640
9 9 (0) 3 : 0.0000999600 0.000099960 0.999500000 0.0000999600 0.0000999600 0.0000999600
10 10 (0) 3 : 0.0000999600 0.000099960 0.999500000 0.0000999600 0.0000999600 0.0000999600
11 11 (0) 3 : 0.0000999600 0.000099960 0.999500000 0.0000999600 0.0000999600 0.0000999600
12 12 (0) 3 : 0.0113867000 0.059775100 0.812898000 0.0473337000 0.0296202000 0.0389860000
13 13 (0) 4 : 0.0090037800 0.883469000 0.030777700 0.0765494000 0.0000999820 0.0000999820
14 14 (0) 4 : 0.0000999600 0.999500000 0.000099960 0.0000999600 0.0000999600 0.0000999600
15 15 (0) 4 : 0.0000999639 0.997147000 0.002453190 0.0000999639 0.0000999639 0.0000999639
16 16 (0) 4 : 0.0000999600 0.999500000 0.000099960 0.0000999600 0.0000999600 0.0000999600
17 17 (0) 5 : 0.9995000000 0.000099960 0.000099960 0.0000999600 0.0000999600 0.0000999600
18 18 (0) 5 : 0.9995000000 0.000099960 0.000099960 0.0000999600 0.0000999600 0.0000999600
19 19 (0) 5 : 0.9995000000 0.000099960 0.000099960 0.0000999600 0.0000999600 0.0000999600
20 20 (0) 5 : 0.9844350000 0.000099973 0.000099973 0.0140185000 0.0012461700 0.0000999730
21 21 (0) 6 : 0.0100999000 0.000099973 0.000099973 0.0000999730 0.0024357100 0.9871640000
22 22 (0) 6 : 0.0001123490 0.000099964 0.000099964 0.0000999640 0.0000999640 0.9994880000
23 23 (0) 6 : 0.0000999600 0.000099960 0.000099960 0.0000999600 0.0000999600 0.9995000000
24 24 (0) 6 : 0.0000999600 0.000099960 0.000099960 0.0000999600 0.0000999600 0.9995000000
25 25 (0) 7 : 0.0565076000 0.000099982 0.207453000 0.0584291000 0.0000999820 0.6774100000
26 26 (0) 7 : 0.0000999730 0.000099973 0.137968000 0.0958389000 0.0000999730 0.7658930000
27 27 (0) 7 : 0.0007128260 0.000099982 0.143925000 0.0847533000 0.0000999820 0.7704090000
28 28 (0) 7 : 0.0728087000 0.000099991 0.221464000 0.0612451000 0.0004793220 0.6439030000
29 29 (0) 8 : 0.0000999640 0.000099964 0.000099964 0.0000999640 0.1217870000 0.8778140000
30 30 (0) 8 : 0.0155377000 0.041871400 0.000099991 0.0012657200 0.0490233000 0.8922020000
31 31 (0) 8 : 0.0000999640 0.000099964 0.000099964 0.0000999640 0.0529805000 0.9466200000
32 32 (0) 8 : 0.0000999640 0.000099964 0.000099964 0.0000999640 0.0298946000 0.9697060000
33 33 (0) 9 : 0.0119197000 0.574306000 0.000099991 0.0543762000 0.0203747000 0.3389230000
34 34 (0) 9 : 0.0038013300 0.591516000 0.000099982 0.0672607000 0.0000999820 0.3372220000
35 35 (0) 9 : 0.0117996000 0.611183000 0.000099982 0.0503685000 0.0000999820 0.3264490000
36 36 (0) 9 : 0.0000999730 0.551219000 0.000099973 0.0875037000 0.0000999730 0.3609780000
37 37 (0) 10 : 0.0307207000 0.050947700 0.028499100 0.0560410000 0.7791140000 0.0546774000
38 38 (0) 10 : 0.0008220160 0.124232000 0.020411000 0.0000999820 0.8543350000 0.0000999820
39 39 (0) 10 : 0.0165434000 0.128120000 0.036434300 0.0000999910 0.7724200000 0.0463828000
40 40 (0) 10 : 0.0127205000 0.106023000 0.029098100 0.0000999910 0.8482720000 0.0037860600
41 41 (0) 11 : 0.0039901400 0.000099973 0.000099973 0.0000999730 0.9773490000 0.0183606000
42 42 (0) 11 : 0.0000999730 0.047104200 0.000099973 0.0000999730 0.7556510000 0.1969440000
43 43 (0) 11 : 0.0000999910 0.052531500 0.002284420 0.0018222000 0.7508970000 0.1923650000
44 44 (0) 11 : 0.0368202000 0.014574000 0.025098700 0.0326926000 0.7064300000 0.1843840000
45 45 (0) 12 : 0.0000999600 0.000099960 0.000099960 0.0000999600 0.9995000000 0.0000999600
46 46 (0) 12 : 0.0000999600 0.000099960 0.000099960 0.0000999600 0.9995000000 0.0000999600
47 47 (0) 12 : 0.0000999600 0.000099960 0.000099960 0.0000999600 0.9995000000 0.0000999600
48 48 (0) 12 : 0.0000999600 0.000099960 0.000099960 0.0000999600 0.9995000000 0.0000999600
1 1 (0) 1 : 0.6766860000 0.0140805000 0.0513652000 0.0593130000 0.0631031000 0.1354530000
2 2 (0) 1 : 0.6921370000 0.0039719600 0.0577443000 0.0531044000 0.0626850000 0.1303580000
3 3 (0) 1 : 0.7502660000 0.0000999820 0.0055918300 0.1446310000 0.0000999820 0.0993114000
4 4 (0) 1 : 0.7240570000 0.0000999820 0.0149721000 0.1489880000 0.0000999820 0.1117830000
5 5 (0) 2 : 0.9995000000 0.0000999600 0.0000999600 0.0000999600 0.0000999600 0.0000999600
6 6 (0) 2 : 0.9847950000 0.0148047000 0.0000999639 0.0000999639 0.0000999639 0.0000999639
7 7 (0) 2 : 0.9954900000 0.0041099900 0.0000999639 0.0000999639 0.0000999639 0.0000999639
8 8 (0) 2 : 0.9607520000 0.0057459000 0.0000999729 0.0000999729 0.0332017000 0.0000999729
9 9 (0) 3 : 0.0000999600 0.9995000000 0.0000999600 0.0000999600 0.0000999600 0.0000999600
10 10 (0) 3 : 0.0000999600 0.9995000000 0.0000999600 0.0000999600 0.0000999600 0.0000999600
11 11 (0) 3 : 0.0000999600 0.9995000000 0.0000999600 0.0000999600 0.0000999600 0.0000999600
12 12 (0) 3 : 0.0968117000 0.7600770000 0.0217213000 0.0284320000 0.0484322000 0.0445262000
13 13 (0) 4 : 0.1848180000 0.0190950000 0.0000999730 0.0000999730 0.7957870000 0.0000999730
14 14 (0) 4 : 0.0000999600 0.0000999600 0.0000999600 0.0000999600 0.9995000000 0.0000999600
15 15 (0) 4 : 0.0852399000 0.0065064000 0.0000999730 0.0000999730 0.9079540000 0.0000999730
16 16 (0) 4 : 0.0000999600 0.0000999600 0.0000999600 0.0000999600 0.9995000000 0.0000999600
17 17 (0) 5 : 0.0000999600 0.0000999600 0.9995000000 0.0000999600 0.0000999600 0.0000999600
18 18 (0) 5 : 0.0000999600 0.0000999600 0.9995000000 0.0000999600 0.0000999600 0.0000999600
19 19 (0) 5 : 0.0000999600 0.0000999600 0.9995000000 0.0000999600 0.0000999600 0.0000999600
20 20 (0) 5 : 0.0000999640 0.0000999640 0.9945980000 0.0050020800 0.0000999640 0.0000999640
21 21 (0) 6 : 0.0000999639 0.0000999639 0.0259608000 0.0000999639 0.0000999639 0.9736390000
22 22 (0) 6 : 0.0000999640 0.0000999640 0.0072649000 0.0000999640 0.0000999640 0.9923350000
23 23 (0) 6 : 0.0000999600 0.0000999600 0.0000999600 0.0000999600 0.0000999600 0.9995000000
24 24 (0) 6 : 0.0000999600 0.0000999600 0.0000999600 0.0000999600 0.0000999600 0.9995000000
25 25 (0) 7 : 0.0912961000 0.1869740000 0.0535700000 0.0000999820 0.0000999820 0.6679600000
26 26 (0) 7 : 0.1816120000 0.0812380000 0.0000999730 0.0000999730 0.0000999730 0.7368500000
27 27 (0) 7 : 0.1513180000 0.1040320000 0.0257249000 0.0000999820 0.0000999820 0.7187250000
28 28 (0) 7 : 0.0997783000 0.1930500000 0.0589640000 0.0140828000 0.0000999910 0.6340250000
29 29 (0) 8 : 0.0000999820 0.0000999820 0.0080040100 0.1372950000 0.0141125000 0.8403890000
30 30 (0) 8 : 0.0000999820 0.0000999820 0.0078281200 0.0385419000 0.0927940000 0.8606360000
31 31 (0) 8 : 0.0000999730 0.0000999730 0.0000999730 0.0424160000 0.0118991000 0.9453850000
32 32 (0) 8 : 0.0000999640 0.0000999640 0.0000999640 0.0170934000 0.0000999640 0.9825070000
33 33 (0) 9 : 0.0000999730 0.0000999730 0.0000999730 0.0308420000 0.7252000000 0.2436580000
34 34 (0) 9 : 0.0000999730 0.0000999730 0.0068434300 0.0000999730 0.7618430000 0.2310130000
35 35 (0) 9 : 0.0000999730 0.0000999730 0.0074301800 0.0000999730 0.7649200000 0.2273500000
36 36 (0) 9 : 0.0000999820 0.0000999820 0.0040095100 0.0178392000 0.7227450000 0.2552060000
37 37 (0) 10 : 0.1449060000 0.0070819400 0.0289132000 0.7715210000 0.0132214000 0.0343567000
38 38 (0) 10 : 0.1166150000 0.0000999820 0.0048559900 0.8428080000 0.0355218000 0.0000999820
39 39 (0) 10 : 0.1358340000 0.0008555840 0.0132198000 0.7543060000 0.0574379000 0.0383472000
40 40 (0) 10 : 0.0996585000 0.0078458400 0.0000999910 0.8410030000 0.0383880000 0.0130050000
41 41 (0) 11 : 0.0000999640 0.0000999640 0.0000999640 0.9521220000 0.0000999640 0.0474779000
42 42 (0) 11 : 0.0000999730 0.0000999730 0.0000999730 0.8025060000 0.0261529000 0.1710410000
43 43 (0) 11 : 0.0393656000 0.0070983100 0.0000999910 0.7771030000 0.0266277000 0.1497060000
44 44 (0) 11 : 0.0107447000 0.0320889000 0.0382562000 0.7031220000 0.0632299000 0.1525590000
45 45 (0) 12 : 0.0000999600 0.0000999600 0.0000999600 0.9995000000 0.0000999600 0.0000999600
46 46 (0) 12 : 0.0000999600 0.0000999600 0.0000999600 0.9995000000 0.0000999600 0.0000999600
47 47 (0) 12 : 0.0000999600 0.0000999600 0.0000999600 0.9995000000 0.0000999600 0.0000999600
48 48 (0) 12 : 0.0000999600 0.0000999600 0.0000999600 0.9995000000 0.0000999600 0.0000999600
1 1 (0) 1 : 0.5105520000 0.1008810000 0.0393407000 0.1782930000 0.0769398000 0.0939934000
2 2 (0) 1 : 0.4934370000 0.1046230000 0.0390900000 0.1947020000 0.0623259000 0.1058230000
3 3 (0) 1 : 0.4303370000 0.2217710000 0.0819146000 0.1282240000 0.0569154000 0.0808375000
4 4 (0) 1 : 0.3981560000 0.2057080000 0.0978696000 0.1224050000 0.0949674000 0.0808944000
5 5 (0) 2 : 0.0069459800 0.0062393800 0.9775830000 0.0000999820 0.0000999820 0.0090320300
6 6 (0) 2 : 0.0000999600 0.0000999600 0.9995000000 0.0000999600 0.0000999600 0.0000999600
7 7 (0) 2 : 0.0000999600 0.0000999600 0.9995000000 0.0000999600 0.0000999600 0.0000999600
8 8 (0) 2 : 0.0093171600 0.0091308400 0.9812520000 0.0000999730 0.0000999730 0.0000999730
9 9 (0) 3 : 0.0000999600 0.0000999600 0.0000999600 0.9995000000 0.0000999600 0.0000999600
10 10 (0) 3 : 0.0000999600 0.0000999600 0.0000999600 0.9995000000 0.0000999600 0.0000999600
11 11 (0) 3 : 0.0000999600 0.0000999600 0.0000999600 0.9995000000 0.0000999600 0.0000999600
12 12 (0) 3 : 0.0644168000 0.0466640000 0.0708943000 0.7677700000 0.0263441000 0.0239108000
13 13 (0) 4 : 0.9064040000 0.0000999730 0.0729898000 0.0203061000 0.0000999730 0.0000999730
14 14 (0) 4 : 0.9995000000 0.0000999600 0.0000999600 0.0000999600 0.0000999600 0.0000999600
15 15 (0) 4 : 0.9914340000 0.0000999639 0.0000999639 0.0081660300 0.0000999639 0.0000999639
16 16 (0) 4 : 0.9995000000 0.0000999600 0.0000999600 0.0000999600 0.0000999600 0.0000999600
17 17 (0) 5 : 0.0000999600 0.0000999600 0.0000999600 0.0000999600 0.0000999600 0.9995000000
18 18 (0) 5 : 0.0000999600 0.0000999600 0.0000999600 0.0000999600 0.0000999600 0.9995000000
19 19 (0) 5 : 0.0000999600 0.0000999600 0.0000999600 0.0000999600 0.0000999600 0.9995000000
20 20 (0) 5 : 0.0000999640 0.0047466200 0.0000999640 0.0000999640 0.0000999640 0.9948540000
21 21 (0) 6 : 0.0000999730 0.0069821000 0.0000999730 0.0000999730 0.9749250000 0.0177929000
22 22 (0) 6 : 0.0000999640 0.0000999640 0.0000999640 0.0000999640 0.9974640000 0.0021365700
23 23 (0) 6 : 0.0000999600 0.0000999600 0.0000999600 0.0000999600 0.9995000000 0.0000999600
24 24 (0) 6 : 0.0000999600 0.0000999600 0.0000999600 0.0000999600 0.9995000000 0.0000999600
25 25 (0) 7 : 0.0000999820 0.0000999820 0.0802655000 0.1954730000 0.6656240000 0.0584373000
26 26 (0) 7 : 0.0000999820 0.0000999820 0.0739615000 0.1299160000 0.7778610000 0.0180613000
27 27 (0) 7 : 0.0000999820 0.0000999820 0.0856376000 0.1382010000 0.7585160000 0.0174452000
28 28 (0) 7 : 0.0000999820 0.0000999820 0.0682601000 0.2084900000 0.6451100000 0.0779397000
29 29 (0) 8 : 0.0015493900 0.1367180000 0.0000999730 0.0000999730 0.8614330000 0.0000999730
30 30 (0) 8 : 0.0620152000 0.0631515000 0.0000999820 0.0000999820 0.8629090000 0.0117247000
31 31 (0) 8 : 0.0000999640 0.0345167000 0.0000999640 0.0000999640 0.9650830000 0.0000999640
32 32 (0) 8 : 0.0000999640 0.0136836000 0.0000999640 0.0000999640 0.9859170000 0.0000999640
33 33 (0) 9 : 0.6061760000 0.0114130000 0.0376911000 0.0000999910 0.3312150000 0.0134043000
34 34 (0) 9 : 0.6400410000 0.0000999820 0.0214803000 0.0000999820 0.3241970000 0.0140817000
35 35 (0) 9 : 0.6153640000 0.0000999729 0.0496359000 0.0000999729 0.3347000000 0.0000999729
36 36 (0) 9 : 0.5741630000 0.0000999820 0.0681171000 0.0000999820 0.3369490000 0.0205715000
37 37 (0) 10 : 0.0659573000 0.7649580000 0.0429978000 0.0488253000 0.0428320000 0.0344293000
38 38 (0) 10 : 0.0896298000 0.8798350000 0.0109011000 0.0081102500 0.0000999910 0.0114239000
39 39 (0) 10 : 0.1214050000 0.7875210000 0.0071879200 0.0332459000 0.0434841000 0.0071565100
40 40 (0) 10 : 0.0877469000 0.8593660000 0.0000999820 0.0290523000 0.0000999820 0.0236347000
41 41 (0) 11 : 0.0000999730 0.9728660000 0.0000999730 0.0000999730 0.0210853000 0.0057487700
42 42 (0) 11 : 0.0099629500 0.7717360000 0.0095483400 0.0000999910 0.2066450000 0.0020084900
43 43 (0) 11 : 0.0206198000 0.7790820000 0.0326468000 0.0000999820 0.1674510000 0.0000999820
44 44 (0) 11 : 0.0297932000 0.7200230000 0.0219354000 0.0307085000 0.1738440000 0.0236958000
45 45 (0) 12 : 0.0000999639 0.9975020000 0.0020981600 0.0000999639 0.0000999639 0.0000999639
46 46 (0) 12 : 0.0000999600 0.9995000000 0.0000999600 0.0000999600 0.0000999600 0.0000999600
47 47 (0) 12 : 0.0000999600 0.9995000000 0.0000999600 0.0000999600 0.0000999600 0.0000999600
48 48 (0) 12 : 0.0000999600 0.9995000000 0.0000999600 0.0000999600 0.0000999600 0.0000999600
1 1 (0) 1 : 0.1241630000 0.1766910000 0.0464211000 0.5263410000 0.0209206000 0.1054630000
2 2 (0) 1 : 0.1042730000 0.1878690000 0.0425174000 0.5348420000 0.0190156000 0.1114840000
3 3 (0) 1 : 0.2192150000 0.1395260000 0.0331964000 0.4986060000 0.0426215000 0.0668352000
4 4 (0) 1 : 0.2034520000 0.1422390000 0.0689211000 0.4757170000 0.0347770000 0.0748934000
5 5 (0) 2 : 0.0106402000 0.0000999730 0.0000999730 0.0045812800 0.9844790000 0.0000999730
6 6 (0) 2 : 0.0000999600 0.0000999600 0.0000999600 0.0000999600 0.9995000000 0.0000999600
7 7 (0) 2 : 0.0000999600 0.0000999600 0.0000999600 0.0000999600 0.9995000000 0.0000999600
8 8 (0) 2 : 0.0107708000 0.0000999730 0.0000999730 0.0054180300 0.9835110000 0.0000999730
9 9 (0) 3 : 0.0000999600 0.9995000000 0.0000999600 0.0000999600 0.0000999600 0.0000999600
10 10 (0) 3 : 0.0000999600 0.9995000000 0.0000999600 0.0000999600 0.0000999600 0.0000999600
11 11 (0) 3 : 0.0000999600 0.9995000000 0.0000999600 0.0000999600 0.0000999600 0.0000999600
12 12 (0) 3 : 0.0278438000 0.7746450000 0.0347572000 0.0645612000 0.0749694000 0.0232234000
13 13 (0) 4 : 0.0000999820 0.0182876000 0.0000999820 0.9052260000 0.0748195000 0.0014667700
14 14 (0) 4 : 0.0000999600 0.0000999600 0.0000999600 0.9995000000 0.0000999600 0.0000999600
15 15 (0) 4 : 0.0000999639 0.0022222600 0.0000999639 0.9973780000 0.0000999639 0.0000999639
16 16 (0) 4 : 0.0000999600 0.0000999600 0.0000999600 0.9995000000 0.0000999600 0.0000999600
17 17 (0) 5 : 0.0000999600 0.0000999600 0.0000999600 0.0000999600 0.0000999600 0.9995000000
18 18 (0) 5 : 0.0000999600 0.0000999600 0.0000999600 0.0000999600 0.0000999600 0.9995000000
19 19 (0) 5 : 0.0000999600 0.0000999600 0.0000999600 0.0000999600 0.0000999600 0.9995000000
20 20 (0) 5 : 0.0039882900 0.0000999640 0.0000999640 0.0000999640 0.0000999640 0.9956120000
21 21 (0) 6 : 0.0000999639 0.0000999639 0.9859700000 0.0000999639 0.0000999639 0.0136301000
22 22 (0) 6 : 0.0000999600 0.0000999600 0.9995000000 0.0000999600 0.0000999600 0.0000999600
23 23 (0) 6 : 0.0000999600 0.0000999600 0.9995000000 0.0000999600 0.0000999600 0.0000999600
24 24 (0) 6 : 0.0000999600 0.0000999600 0.9995000000 0.0000999600 0.0000999600 0.0000999600
25 25 (0) 7 : 0.0000999820 0.2136730000 0.6477330000 0.0000999820 0.0718826000 0.0665119000
26 26 (0) 7 : 0.0117001000 0.1356470000 0.7597850000 0.0000999910 0.0821778000 0.0105906000
27 27 (0) 7 : 0.0043530700 0.1527000000 0.7625980000 0.0000999910 0.0741453000 0.0061035600
28 28 (0) 7 : 0.0053286600 0.2132110000 0.6175140000 0.0000999910 0.0670852000 0.0967615000
29 29 (0) 8 : 0.1345510000 0.0000999730 0.8624200000 0.0000999730 0.0000999730 0.0027287000
30 30 (0) 8 : 0.0539269000 0.0000999820 0.8778040000 0.0513932000 0.0000999820 0.0166756000
31 31 (0) 8 : 0.0523512000 0.0000999820 0.9431870000 0.0036115100 0.0000999820 0.0006505540
32 32 (0) 8 : 0.0234301000 0.0000999640 0.9761700000 0.0000999640 0.0000999640 0.0000999640
33 33 (0) 9 : 0.0213950000 0.0000999910 0.3396940000 0.6093560000 0.0284823000 0.0009726420
34 34 (0) 9 : 0.0000999730 0.0000999730 0.3345880000 0.6199000000 0.0452124000 0.0000999730
35 35 (0) 9 : 0.0000999820 0.0000999820 0.3169780000 0.6083790000 0.0612803000 0.0131628000
36 36 (0) 9 : 0.0000999730 0.0000999730 0.3345450000 0.5894700000 0.0756852000 0.0000999730
37 37 (0) 10 : 0.7806950000 0.0527731000 0.0184463000 0.0924593000 0.0273041000 0.0283226000
38 38 (0) 10 : 0.8476970000 0.0270480000 0.0000999820 0.1189660000 0.0000999820 0.0060898000
39 39 (0) 10 : 0.7634160000 0.0267730000 0.0669091000 0.1151330000 0.0182518000 0.0095168800
40 40 (0) 10 : 0.8598790000 0.0299968000 0.0000999820 0.1067480000 0.0000999820 0.0031763300
41 41 (0) 11 : 0.9639590000 0.0000999640 0.0356413000 0.0000999640 0.0000999640 0.0000999640
42 42 (0) 11 : 0.7816440000 0.0000999730 0.1823780000 0.0356783000 0.0000999730 0.0000999730
43 43 (0) 11 : 0.7578940000 0.0040499800 0.1835950000 0.0542606000 0.0000999820 0.0000999820
44 44 (0) 11 : 0.7167890000 0.0306267000 0.1865240000 0.0178603000 0.0163157000 0.0318846000
45 45 (0) 12 : 0.9995000000 0.0000999600 0.0000999600 0.0000999600 0.0000999600 0.0000999600
46 46 (0) 12 : 0.9995000000 0.0000999600 0.0000999600 0.0000999600 0.0000999600 0.0000999600
47 47 (0) 12 : 0.9995000000 0.0000999600 0.0000999600 0.0000999600 0.0000999600 0.0000999600
48 48 (0) 12 : 0.9995000000 0.0000999600 0.0000999600 0.0000999600 0.0000999600 0.0000999600
1 1 (0) 1 : 0.1072510000 0.0931462000 0.0787559000 0.4899970000 0.1954620000 0.0353877000
2 2 (0) 1 : 0.0959926000 0.1011070000 0.0919428000 0.4910340000 0.1871540000 0.0327697000
3 3 (0) 1 : 0.1891640000 0.0765375000 0.1047570000 0.4039180000 0.1467540000 0.0788695000
4 4 (0) 1 : 0.1760590000 0.0816756000 0.1281660000 0.4159850000 0.1349170000 0.0631968000
5 5 (0) 2 : 0.0162502000 0.0000999640 0.0000999640 0.0000999640 0.0000999640 0.9833500000
6 6 (0) 2 : 0.0000999600 0.0000999600 0.0000999600 0.0000999600 0.0000999600 0.9995000000
7 7 (0) 2 : 0.0000999600 0.0000999600 0.0000999600 0.0000999600 0.0000999600 0.9995000000
8 8 (0) 2 : 0.0113076000 0.0000999730 0.0000999730 0.0214643000 0.0000999730 0.9669280000
9 9 (0) 3 : 0.0000999600 0.0000999600 0.0000999600 0.0000999600 0.9995000000 0.0000999600
10 10 (0) 3 : 0.0000999600 0.0000999600 0.0000999600 0.0000999600 0.9995000000 0.0000999600
11 11 (0) 3 : 0.0000999600 0.0000999600 0.0000999600 0.0000999600 0.9995000000 0.0000999600
12 12 (0) 3 : 0.0215186000 0.0218826000 0.0626019000 0.0764735000 0.7741720000 0.0433509000
13 13 (0) 4 : 0.0000999730 0.0000999730 0.0000999730 0.9112330000 0.0362981000 0.0521687000
14 14 (0) 4 : 0.0000999600 0.0000999600 0.0000999600 0.9995000000 0.0000999600 0.0000999600
15 15 (0) 4 : 0.0000999639 0.0000999639 0.0000999639 0.9893240000 0.0102763000 0.0000999639
16 16 (0) 4 : 0.0000999600 0.0000999600 0.0000999600 0.9995000000 0.0000999600 0.0000999600
17 17 (0) 5 : 0.0000999600 0.9995000000 0.0000999600 0.0000999600 0.0000999600 0.0000999600
18 18 (0) 5 : 0.0000999600 0.9995000000 0.0000999600 0.0000999600 0.0000999600 0.0000999600
19 19 (0) 5 : 0.0000999600 0.9995000000 0.0000999600 0.0000999600 0.0000999600 0.0000999600
20 20 (0) 5 : 0.0021578700 0.9862790000 0.0000999730 0.0000999730 0.0000999730 0.0112629000
21 21 (0) 6 : 0.0145112000 0.0269814000 0.9582080000 0.0000999730 0.0000999730 0.0000999730
22 22 (0) 6 : 0.0000999609 0.0000999609 0.9995000000 0.0000999609 0.0000999609 0.0000999609
23 23 (0) 6 : 0.0000999600 0.0000999600 0.9995000000 0.0000999600 0.0000999600 0.0000999600
24 24 (0) 6 : 0.0000999600 0.0000999600 0.9995000000 0.0000999600 0.0000999600 0.0000999600
25 25 (0) 7 : 0.0000999820 0.0725674000 0.6851970000 0.0000999820 0.1985060000 0.0435295000
26 26 (0) 7 : 0.0074765500 0.0071402500 0.7825580000 0.0000999910 0.1217160000 0.0810085000
27 27 (0) 7 : 0.0000999820 0.0058218100 0.7776490000 0.0000999820 0.1438530000 0.0724758000
28 28 (0) 7 : 0.0111932000 0.0842254000 0.6529640000 0.0000999910 0.2180480000 0.0334690000
29 29 (0) 8 : 0.1456410000 0.0100741000 0.8356030000 0.0084818700 0.0000999820 0.0000999820
30 30 (0) 8 : 0.0167001000 0.0005691640 0.9322690000 0.0502614000 0.0000999820 0.0000999820
31 31 (0) 8 : 0.0313796000 0.0000999640 0.9682210000 0.0000999640 0.0000999640 0.0000999640
32 32 (0) 8 : 0.0187207000 0.0000999640 0.9808790000 0.0000999640 0.0000999640 0.0000999640
33 33 (0) 9 : 0.0107595000 0.0041898000 0.3259570000 0.6295730000 0.0000999910 0.0294198000
34 34 (0) 9 : 0.0000999820 0.0091551600 0.3134480000 0.6425470000 0.0000999820 0.0346494000
35 35 (0) 9 : 0.0000999820 0.0153475000 0.3089230000 0.6615860000 0.0000999820 0.0139434000
36 36 (0) 9 : 0.0000999730 0.0000999730 0.3314590000 0.5955050000 0.0000999730 0.0727363000
37 37 (0) 10 : 0.7659770000 0.0154803000 0.0570108000 0.0577264000 0.0363416000 0.0674638000
38 38 (0) 10 : 0.8466860000 0.0106922000 0.0000999910 0.1289990000 0.0125827000 0.0009402580
39 39 (0) 10 : 0.7502450000 0.0093927100 0.0641475000 0.1378760000 0.0366894000 0.0016497400
40 40 (0) 10 : 0.8151250000 0.0125817000 0.0223573000 0.1030990000 0.0467371000 0.0000999910
41 41 (0) 11 : 0.9575630000 0.0000999640 0.0420376000 0.0000999640 0.0000999640 0.0000999640
42 42 (0) 11 : 0.7745120000 0.0036407000 0.1987150000 0.0229326000 0.0000999820 0.0000999820
43 43 (0) 11 : 0.7624410000 0.0000999910 0.1807250000 0.0401198000 0.0046083800 0.0120058000
44 44 (0) 11 : 0.6948180000 0.0414546000 0.1779660000 0.0614096000 0.0141549000 0.0101973000
45 45 (0) 12 : 0.9995000000 0.0000999600 0.0000999600 0.0000999600 0.0000999600 0.0000999600
46 46 (0) 12 : 0.9995000000 0.0000999600 0.0000999600 0.0000999600 0.0000999600 0.0000999600
47 47 (0) 12 : 0.9995000000 0.0000999600 0.0000999600 0.0000999600 0.0000999600 0.0000999600
48 48 (0) 12 : 0.9995000000 0.0000999600 0.0000999600 0.0000999600 0.0000999600 0.0000999600
1 1 (0) 1 : 0.1140680000 0.0813096000 0.0837926000 0.1993310000 0.1611980000 0.3603010000
2 2 (0) 1 : 0.0965525000 0.0826245000 0.0969037000 0.2107960000 0.1421100000 0.3710140000
3 3 (0) 1 : 0.2221620000 0.0781544000 0.0683619000 0.2644100000 0.0945481000 0.2723640000
4 4 (0) 1 : 0.1952610000 0.1250290000 0.0581132000 0.2733780000 0.0827488000 0.2654710000
5 5 (0) 2 : 0.0000999600 0.0000999600 0.0000999600 0.9995000000 0.0000999600 0.0000999600
6 6 (0) 2 : 0.0000999600 0.0000999600 0.0000999600 0.9995000000 0.0000999600 0.0000999600
7 7 (0) 2 : 0.0000999600 0.0000999600 0.0000999600 0.9995000000 0.0000999600 0.0000999600
8 8 (0) 2 : 0.0000999639 0.0000999639 0.0000999639 0.9942640000 0.0000999639 0.0053356800
9 9 (0) 3 : 0.0000999600 0.0000999600 0.0000999600 0.0000999600 0.9995000000 0.0000999600
10 10 (0) 3 : 0.0000999600 0.0000999600 0.0000999600 0.0000999600 0.9995000000 0.0000999600
11 11 (0) 3 : 0.0000999600 0.0000999600 0.0000999600 0.0000999600 0.9995000000 0.0000999600
12 12 (0) 3 : 0.0251994000 0.0610702000 0.0189367000 0.0669280000 0.7742730000 0.0535923000
13 13 (0) 4 : 0.0000999820 0.0000999820 0.0028180200 0.0866277000 0.0418787000 0.8684760000
14 14 (0) 4 : 0.0000999600 0.0000999600 0.0000999600 0.0000999600 0.0000999600 0.9995000000
15 15 (0) 4 : 0.0000999640 0.0000999640 0.0000999640 0.0000999640 0.0186118000 0.9809880000
16 16 (0) 4 : 0.0000999600 0.0000999600 0.0000999600 0.0000999600 0.0000999600 0.9995000000
17 17 (0) 5 : 0.0000999600 0.0000999600 0.9995000000 0.0000999600 0.0000999600 0.0000999600
18 18 (0) 5 : 0.0000999600 0.0000999600 0.9995000000 0.0000999600 0.0000999600 0.0000999600
19 19 (0) 5 : 0.0000999600 0.0000999600 0.9995000000 0.0000999600 0.0000999600 0.0000999600
20 20 (0) 5 : 0.0057589300 0.0000999730 0.9876030000 0.0063384100 0.0000999730 0.0000999730
21 21 (0) 6 : 0.0077448100 0.9681510000 0.0238043000 0.0000999730 0.0000999730 0.0000999730
22 22 (0) 6 : 0.0000999640 0.9979970000 0.0016027900 0.0000999640 0.0000999640 0.0000999640
23 23 (0) 6 : 0.0000999600 0.9995000000 0.0000999600 0.0000999600 0.0000999600 0.0000999600
24 24 (0) 6 : 0.0000999649 0.9956220000 0.0000999649 0.0000999649 0.0039779600 0.0000999649
25 25 (0) 7 : 0.0000999820 0.6559700000 0.0585426000 0.0893833000 0.1959040000 0.0000999820
26 26 (0) 7 : 0.0000999820 0.7558340000 0.0014661300 0.1361310000 0.1063690000 0.0000999820
27 27 (0) 7 : 0.0000999820 0.7641780000 0.0020663800 0.1335850000 0.0999703000 0.0000999820
28 28 (0) 7 : 0.0012241800 0.6361970000 0.0755675000 0.0803071000 0.2066040000 0.0000999910
29 29 (0) 8 : 0.1310100000 0.8475760000 0.0037181500 0.0000999820 0.0000999820 0.0174963000
30 30 (0) 8 : 0.0539399000 0.8707170000 0.0100389000 0.0000999820 0.0000999820 0.0651039000
31 31 (0) 8 : 0.0397753000 0.9555480000 0.0043765900 0.0000999730 0.0000999730 0.0000999730
32 32 (0) 8 : 0.0235906000 0.9760100000 0.0000999640 0.0000999640 0.0000999640 0.0000999640
33 33 (0) 9 : 0.0125056000 0.2997850000 0.0072794300 0.0068913200 0.0000999910 0.6734390000
34 34 (0) 9 : 0.0000999730 0.2846760000 0.0036480200 0.0000999730 0.0000999730 0.7113760000
35 35 (0) 9 : 0.0000999820 0.2808540000 0.0145135000 0.0049760800 0.0000999820 0.6994560000
36 36 (0) 9 : 0.0056393600 0.2912160000 0.0053155900 0.0335621000 0.0000999910 0.6641670000
37 37 (0) 10 : 0.7804640000 0.0360525000 0.0360226000 0.0451624000 0.0313771000 0.0709213000
38 38 (0) 10 : 0.8555520000 0.0000999910 0.0123237000 0.0162143000 0.0160972000 0.0997124000
39 39 (0) 10 : 0.7625300000 0.0432975000 0.0111611000 0.0444335000 0.0243147000 0.1142630000
40 40 (0) 10 : 0.8474330000 0.0000999820 0.0360821000 0.0000999820 0.0248847000 0.0914001000
41 41 (0) 11 : 0.9487510000 0.0359782000 0.0149707000 0.0000999730 0.0000999730 0.0000999730
42 42 (0) 11 : 0.7918980000 0.1841140000 0.0000999730 0.0000999730 0.0000999730 0.0236884000
43 43 (0) 11 : 0.7698170000 0.1611000000 0.0000999820 0.0336071000 0.0000999820 0.0352758000
44 44 (0) 11 : 0.6993700000 0.1847830000 0.0427166000 0.0109188000 0.0267424000 0.0354695000
45 45 (0) 12 : 0.9995000000 0.0000999600 0.0000999600 0.0000999600 0.0000999600 0.0000999600
46 46 (0) 12 : 0.9995000000 0.0000999600 0.0000999600 0.0000999600 0.0000999600 0.0000999600
47 47 (0) 12 : 0.9995000000 0.0000999600 0.0000999600 0.0000999600 0.0000999600 0.0000999600
48 48 (0) 12 : 0.9995000000 0.0000999600 0.0000999600 0.0000999600 0.0000999600 0.0000999600
1 1 (0) 1 : 0.1951480000 0.0984495000 0.0718502000 0.0994512000 0.4808420000 0.0542587000
2 2 (0) 1 : 0.1822160000 0.0965999000 0.0666984000 0.1120450000 0.4890340000 0.0534064000
3 3 (0) 1 : 0.1261860000 0.1816410000 0.0870289000 0.0651143000 0.3717180000 0.1683120000
4 4 (0) 1 : 0.1182350000 0.1745340000 0.1167980000 0.0822050000 0.3565510000 0.1516770000
5 5 (0) 2 : 0.0000999730 0.0044404600 0.0000999730 0.0000999730 0.0066851900 0.9885740000
6 6 (0) 2 : 0.0000999600 0.0000999600 0.0000999600 0.0000999600 0.0000999600 0.9995000000
7 7 (0) 2 : 0.0000999600 0.0000999600 0.0000999600 0.0000999600 0.0000999600 0.9995000000
8 8 (0) 2 : 0.0000999730 0.0070981500 0.0000999730 0.0000999730 0.0203288000 0.9722730000
9 9 (0) 3 : 0.9995000000 0.0000999600 0.0000999600 0.0000999600 0.0000999600 0.0000999600
10 10 (0) 3 : 0.9995000000 0.0000999600 0.0000999600 0.0000999600 0.0000999600 0.0000999600
11 11 (0) 3 : 0.9995000000 0.0000999600 0.0000999600 0.0000999600 0.0000999600 0.0000999600
12 12 (0) 3 : 0.7905410000 0.0115208000 0.0475822000 0.0177087000 0.0843399000 0.0483077000
13 13 (0) 4 : 0.0269222000 0.0000999820 0.0000999820 0.0090642300 0.8949160000 0.0688978000
14 14 (0) 4 : 0.0000999600 0.0000999600 0.0000999600 0.0000999600 0.9995000000 0.0000999600
15 15 (0) 4 : 0.0287058000 0.0000999639 0.0000999639 0.0000999639 0.9708940000 0.0000999639
16 16 (0) 4 : 0.0000999600 0.0000999600 0.0000999600 0.0000999600 0.9995000000 0.0000999600
17 17 (0) 5 : 0.0000999600 0.0000999600 0.0000999600 0.9995000000 0.0000999600 0.0000999600
18 18 (0) 5 : 0.0000999600 0.0000999600 0.0000999600 0.9995000000 0.0000999600 0.0000999600
19 19 (0) 5 : 0.0000999600 0.0000999600 0.0000999600 0.9995000000 0.0000999600 0.0000999600
20 20 (0) 5 : 0.0000999820 0.0020763500 0.0085449000 0.9838970000 0.0000999820 0.0052821900
21 21 (0) 6 : 0.0000999729 0.0190855000 0.9578490000 0.0227653000 0.0000999729 0.0000999729
22 22 (0) 6 : 0.0000999639 0.0000999639 0.9818040000 0.0177959000 0.0000999639 0.0000999639
23 23 (0) 6 : 0.0000999600 0.0000999600 0.9995000000 0.0000999600 0.0000999600 0.0000999600
24 24 (0) 6 : 0.0000999600 0.0000999600 0.9995000000 0.0000999600 0.0000999600 0.0000999600
25 25 (0) 7 : 0.1944510000 0.0000999820 0.6917630000 0.0508687000 0.0000999820 0.0627177000
26 26 (0) 7 : 0.1294540000 0.0108933000 0.7540980000 0.0047858400 0.0000999910 0.1006690000
27 27 (0) 7 : 0.1519880000 0.0228320000 0.7139150000 0.0216253000 0.0000999910 0.0895398000
28 28 (0) 7 : 0.2111670000 0.0105020000 0.6488380000 0.0659518000 0.0000999910 0.0634413000
29 29 (0) 8 : 0.0000999820 0.1372720000 0.8553230000 0.0030856100 0.0041193600 0.0000999820
30 30 (0) 8 : 0.0000999820 0.0449120000 0.9012310000 0.0121548000 0.0415025000 0.0000999820
31 31 (0) 8 : 0.0000999640 0.0427106000 0.9568900000 0.0000999640 0.0000999640 0.0000999640
32 32 (0) 8 : 0.0000999640 0.0162056000 0.9833950000 0.0000999640 0.0000999640 0.0000999640
33 33 (0) 9 : 0.0000999900 0.0004915370 0.3630230000 0.0047445000 0.6026610000 0.0289797000
34 34 (0) 9 : 0.0000999730 0.0000999730 0.3233750000 0.0000999730 0.6506340000 0.0256910000
35 35 (0) 9 : 0.0000999820 0.0000999820 0.3100400000 0.0185160000 0.6440130000 0.0272314000
36 36 (0) 9 : 0.0000999820 0.0000999820 0.3436650000 0.0007909980 0.5932570000 0.0620870000
37 37 (0) 10 : 0.0350298000 0.7812230000 0.0342191000 0.0320926000 0.0668055000 0.0506305000
38 38 (0) 10 : 0.0183651000 0.8481230000 0.0000999910 0.0091360400 0.1083420000 0.0159330000
39 39 (0) 10 : 0.0090805400 0.7691300000 0.0425843000 0.0164883000 0.1354240000 0.0272929000
40 40 (0) 10 : 0.0426993000 0.8392790000 0.0000999820 0.0028596700 0.1149620000 0.0000999820
41 41 (0) 11 : 0.0000999640 0.9713880000 0.0282122000 0.0000999640 0.0000999640 0.0000999640
42 42 (0) 11 : 0.0000999820 0.7679030000 0.2050990000 0.0034107500 0.0233874000 0.0000999820
43 43 (0) 11 : 0.0000999820 0.7659290000 0.1772690000 0.0000999820 0.0384592000 0.0181425000
44 44 (0) 11 : 0.0251680000 0.7243790000 0.1738930000 0.0393402000 0.0371200000 0.0000999910
45 45 (0) 12 : 0.0000999600 0.9995000000 0.0000999600 0.0000999600 0.0000999600 0.0000999600
46 46 (0) 12 : 0.0000999600 0.9995000000 0.0000999600 0.0000999600 0.0000999600 0.0000999600
47 47 (0) 12 : 0.0000999600 0.9995000000 0.0000999600 0.0000999600 0.0000999600 0.0000999600
48 48 (0) 12 : 0.0000999600 0.9995000000 0.0000999600 0.0000999600 0.0000999600 0.0000999600
1 1 (0) 1 : 0.0397728000 0.666224000 0.1564760000 0.0543975000 0.0623416000 0.020788400
2 2 (0) 1 : 0.0449517000 0.679884000 0.1283430000 0.0763943000 0.0579481000 0.012478300
3 3 (0) 1 : 0.1125660000 0.770034000 0.1171000000 0.0000999730 0.0000999730 0.000099973
4 4 (0) 1 : 0.1058620000 0.746011000 0.1416560000 0.0062721500 0.0000999820 0.000099982
5 5 (0) 2 : 0.0000999729 0.996816000 0.0000999729 0.0000999729 0.0003273910 0.002556990
6 6 (0) 2 : 0.0000999639 0.990095000 0.0000999639 0.0000999639 0.0000999639 0.009505010
7 7 (0) 2 : 0.0000999600 0.989886000 0.0000999600 0.0000999600 0.0000999600 0.009714300
8 8 (0) 2 : 0.0000999729 0.977748000 0.0000999729 0.0000999729 0.0136205000 0.008331720
9 9 (0) 3 : 0.0000999600 0.000099960 0.0000999600 0.0000999600 0.0000999600 0.999500000
10 10 (0) 3 : 0.0000999600 0.000099960 0.0000999600 0.0000999600 0.0000999600 0.999500000
11 11 (0) 3 : 0.0000999600 0.000099960 0.0000999600 0.0000999600 0.0000999600 0.999500000
12 12 (0) 3 : 0.0138554000 0.112391000 0.0492020000 0.0086386000 0.0557001000 0.760213000
13 13 (0) 4 : 0.0000999820 0.152204000 0.0000999820 0.0014231600 0.8281690000 0.018003800
14 14 (0) 4 : 0.0000999600 0.000099960 0.0000999600 0.0000999600 0.9995000000 0.000099960
15 15 (0) 4 : 0.0000999640 0.064944100 0.0000999640 0.0000999640 0.9346560000 0.000099964
16 16 (0) 4 : 0.0000999600 0.000099960 0.0000999600 0.0000999600 0.9995000000 0.000099960
17 17 (0) 5 : 0.0000999600 0.000099960 0.0000999600 0.9995000000 0.0000999600 0.000099960
18 18 (0) 5 : 0.0000999600 0.000099960 0.0000999600 0.9944700000 0.0051297800 0.000099960
19 19 (0) 5 : 0.0000999600 0.000099960 0.0000999600 0.9995000000 0.0000999600 0.000099960
20 20 (0) 5 : 0.0062476800 0.003216350 0.0106277000 0.9773350000 0.0000999910 0.002473730
21 21 (0) 6 : 0.0124936000 0.000099973 0.9660700000 0.0211361000 0.0000999730 0.000099973
22 22 (0) 6 : 0.0000999640 0.000099964 0.9954010000 0.0041992000 0.0000999640 0.000099964
23 23 (0) 6 : 0.0000999600 0.000099960 0.9995000000 0.0000999600 0.0000999600 0.000099960
24 24 (0) 6 : 0.0000999600 0.000099960 0.9995000000 0.0000999600 0.0000999600 0.000099960
25 25 (0) 7 : 0.0000999820 0.120642000 0.6596900000 0.0415098000 0.0000999820 0.177958000
26 26 (0) 7 : 0.0000999730 0.151154000 0.7695450000 0.0000999730 0.0000999730 0.079001000
27 27 (0) 7 : 0.0000999800 0.134526000 0.7498040000 0.0053176600 0.0000999800 0.110152000
28 28 (0) 7 : 0.0000999820 0.109153000 0.6271210000 0.0713271000 0.0000999820 0.192198000
29 29 (0) 8 : 0.1336520000 0.000099973 0.8328040000 0.0000999730 0.0332440000 0.000099973
30 30 (0) 8 : 0.0481990000 0.000099982 0.8618040000 0.0141489000 0.0756485000 0.000099982
31 31 (0) 8 : 0.0340093000 0.000099973 0.9592760000 0.0000999730 0.0064145800 0.000099973
32 32 (0) 8 : 0.0323432000 0.000099964 0.9672570000 0.0000999640 0.0000999640 0.000099964
33 33 (0) 9 : 0.0256411000 0.000099982 0.2658970000 0.0089749200 0.6992870000 0.000099982
34 34 (0) 9 : 0.0000999730 0.000099973 0.2301200000 0.0131475000 0.7564320000 0.000099973
35 35 (0) 9 : 0.0000999730 0.000099973 0.2459790000 0.0117282000 0.7419930000 0.000099973
36 36 (0) 9 : 0.0115676000 0.000099982 0.2751280000 0.0061533600 0.7069510000 0.000099982
37 37 (0) 10 : 0.7398740000 0.150066000 0.0763804000 0.0131769000 0.0204026000 0.000099990
38 38 (0) 10 : 0.8272770000 0.143211000 0.0000999730 0.0000999730 0.0292130000 0.000099973
39 39 (0) 10 : 0.7206930000 0.148169000 0.0837703000 0.0150721000 0.0321963000 0.000099990
40 40 (0) 10 : 0.8181250000 0.123293000 0.0185526000 0.0121864000 0.0176101000 0.010233800
41 41 (0) 11 : 0.9500260000 0.000099964 0.0495742000 0.0000999640 0.0000999640 0.000099964
42 42 (0) 11 : 0.7494610000 0.046179700 0.1992150000 0.0000999800 0.0049439300 0.000099980
43 43 (0) 11 : 0.7611100000 0.042885800 0.1602130000 0.0000999800 0.0355910000 0.000099980
44 44 (0) 11 : 0.7120170000 0.000099990 0.1695440000 0.0374124000 0.0473292000 0.033597000
45 45 (0) 12 : 0.9995000000 0.000099960 0.0000999600 0.0000999600 0.0000999600 0.000099960
46 46 (0) 12 : 0.9995000000 0.000099960 0.0000999600 0.0000999600 0.0000999600 0.000099960
47 47 (0) 12 : 0.9995000000 0.000099960 0.0000999600 0.0000999600 0.0000999600 0.000099960
48 48 (0) 12 : 0.9995000000 0.000099960 0.0000999600 0.0000999600 0.0000999600 0.000099960
1 1 (0) 1 : 0.768828000 0.0000999910 0.0258331000 0.0445795000 0.0546892000 0.1059700000
2 2 (0) 1 : 0.765436000 0.0000999910 0.0271179000 0.0439844000 0.0577467000 0.1056150000
3 3 (0) 1 : 0.798708000 0.0000999730 0.0000999730 0.0000999730 0.1167470000 0.0842452000
4 4 (0) 1 : 0.768317000 0.0000999820 0.0000999820 0.0003597540 0.1038490000 0.1272740000
5 5 (0) 2 : 0.947042000 0.0353593000 0.0172987000 0.0000999729 0.0000999729 0.0000999729
6 6 (0) 2 : 0.956675000 0.0429252000 0.0000999639 0.0000999639 0.0000999639 0.0000999639
7 7 (0) 2 : 0.954542000 0.0450582000 0.0000999639 0.0000999639 0.0000999639 0.0000999639
8 8 (0) 2 : 0.916183000 0.0339123000 0.0496049000 0.0000999729 0.0000999729 0.0000999729
9 9 (0) 3 : 0.000099960 0.9995000000 0.0000999600 0.0000999600 0.0000999600 0.0000999600
10 10 (0) 3 : 0.000099960 0.9995000000 0.0000999600 0.0000999600 0.0000999600 0.0000999600
11 11 (0) 3 : 0.000099960 0.9995000000 0.0000999600 0.0000999600 0.0000999600 0.0000999600
12 12 (0) 3 : 0.098031500 0.7720260000 0.0428095000 0.0174029000 0.0348397000 0.0348902000
13 13 (0) 4 : 0.199958000 0.0000999639 0.7996420000 0.0000999639 0.0000999639 0.0000999639
14 14 (0) 4 : 0.000099960 0.0000999600 0.9995000000 0.0000999600 0.0000999600 0.0000999600
15 15 (0) 4 : 0.105586000 0.0000999640 0.8940140000 0.0000999640 0.0000999640 0.0000999640
16 16 (0) 4 : 0.000099960 0.0000999600 0.9995000000 0.0000999600 0.0000999600 0.0000999600
17 17 (0) 5 : 0.000099960 0.0000999600 0.0000999600 0.9995000000 0.0000999600 0.0000999600
18 18 (0) 5 : 0.000099960 0.0000999600 0.0000999600 0.9995000000 0.0000999600 0.0000999600
19 19 (0) 5 : 0.000099960 0.0000999600 0.0000999600 0.9995000000 0.0000999600 0.0000999600
20 20 (0) 5 : 0.018239700 0.0000999730 0.0000999730 0.9775350000 0.0039249900 0.0000999730
21 21 (0) 6 : 0.000099973 0.0000999730 0.0000999730 0.0235556000 0.0020604700 0.9740840000
22 22 (0) 6 : 0.000099964 0.0000999640 0.0000999640 0.0187225000 0.0000999640 0.9808780000
23 23 (0) 6 : 0.000099960 0.0000999600 0.0000999600 0.0000999600 0.0000999600 0.9995000000
24 24 (0) 6 : 0.000099960 0.0000999600 0.0000999600 0.0000999600 0.0000999600 0.9995000000
25 25 (0) 7 : 0.103105000 0.1855590000 0.0000999820 0.0593360000 0.0000999820 0.6518000000
26 26 (0) 7 : 0.150471000 0.0943774000 0.0000999730 0.0000999730 0.0000999730 0.7548520000
27 27 (0) 7 : 0.135252000 0.1074960000 0.0000999820 0.0169038000 0.0000999820 0.7401480000
28 28 (0) 7 : 0.080467100 0.1951520000 0.0000999910 0.0626862000 0.0052418800 0.6563530000
29 29 (0) 8 : 0.000099982 0.0000999820 0.0395757000 0.0084613800 0.1260060000 0.8257570000
30 30 (0) 8 : 0.000099982 0.0000999820 0.0809489000 0.0072025200 0.0396770000 0.8719720000
31 31 (0) 8 : 0.000099973 0.0000999730 0.0152699000 0.0000999730 0.0686626000 0.9157680000
32 32 (0) 8 : 0.000099964 0.0000999640 0.0000999640 0.0000999640 0.0445141000 0.9550860000
33 33 (0) 9 : 0.000099982 0.0000999820 0.7133120000 0.0097621500 0.0318501000 0.2448760000
34 34 (0) 9 : 0.000099973 0.0000999730 0.7666960000 0.0044062100 0.0000999730 0.2285980000
35 35 (0) 9 : 0.000099982 0.0000999820 0.7435850000 0.0112499000 0.0072803400 0.2376840000
36 36 (0) 9 : 0.000099982 0.0000999820 0.7197000000 0.0076586000 0.0162309000 0.2562100000
37 37 (0) 10 : 0.136927000 0.0174248000 0.0004525270 0.0195136000 0.7614640000 0.0642175000
38 38 (0) 10 : 0.135566000 0.0000999820 0.0258060000 0.0000999820 0.8381270000 0.0003012870
39 39 (0) 10 : 0.130673000 0.0000999910 0.0525656000 0.0046827700 0.7491910000 0.0627884000
40 40 (0) 10 : 0.123072000 0.0093097800 0.0272988000 0.0000999910 0.8252400000 0.0149793000
41 41 (0) 11 : 0.000099973 0.0000999730 0.0000999730 0.0002085880 0.9592670000 0.0402247000
42 42 (0) 11 : 0.028661300 0.0000999820 0.0175114000 0.0000999820 0.7432730000 0.2103550000
43 43 (0) 11 : 0.036840300 0.0043867400 0.0340926000 0.0000999910 0.7467890000 0.1777910000
44 44 (0) 11 : 0.000099991 0.0285953000 0.0330759000 0.0346704000 0.7234970000 0.1800620000
45 45 (0) 12 : 0.000099960 0.0000999600 0.0000999600 0.0000999600 0.9995000000 0.0000999600
46 46 (0) 12 : 0.000099960 0.0000999600 0.0000999600 0.0000999600 0.9995000000 0.0000999600
47 47 (0) 12 : 0.000099960 0.0000999600 0.0000999600 0.0000999600 0.9995000000 0.0000999600
48 48 (0) 12 : 0.000099960 0.0000999600 0.0000999600 0.0000999600 0.9995000000 0.0000999600
1 1 (0) 1 : 0.1907690000 0.0951791000 0.1020130000 0.4173160000 0.0959421000 0.0987810000
2 2 (0) 1 : 0.1877190000 0.0856735000 0.0979171000 0.4322430000 0.1054220000 0.0910249000
3 3 (0) 1 : 0.1439140000 0.1099490000 0.1055320000 0.3921180000 0.0744889000 0.1739980000
4 4 (0) 1 : 0.1259410000 0.1560360000 0.1128310000 0.3980610000 0.0546361000 0.1524940000
5 5 (0) 2 : 0.0000999730 0.0000999730 0.9879540000 0.0037747500 0.0000999730 0.0079711500
6 6 (0) 2 : 0.0000999600 0.0000999600 0.9995000000 0.0000999600 0.0000999600 0.0000999600
7 7 (0) 2 : 0.0000999600 0.0000999600 0.9995000000 0.0000999600 0.0000999600 0.0000999600
8 8 (0) 2 : 0.0000999820 0.0061966100 0.9861070000 0.0061712100 0.0000999820 0.0013248800
9 9 (0) 3 : 0.9995000000 0.0000999600 0.0000999600 0.0000999600 0.0000999600 0.0000999600
10 10 (0) 3 : 0.9995000000 0.0000999600 0.0000999600 0.0000999600 0.0000999600 0.0000999600
11 11 (0) 3 : 0.9995000000 0.0000999600 0.0000999600 0.0000999600 0.0000999600 0.0000999600
12 12 (0) 3 : 0.7805080000 0.0538932000 0.0620177000 0.0551277000 0.0269522000 0.0215011000
13 13 (0) 4 : 0.0288145000 0.0000999820 0.0563982000 0.9096540000 0.0049335300 0.0000999820
14 14 (0) 4 : 0.0000999600 0.0000999600 0.0000999600 0.9995000000 0.0000999600 0.0000999600
15 15 (0) 4 : 0.0129123000 0.0000999639 0.0000999639 0.9866880000 0.0000999639 0.0000999639
16 16 (0) 4 : 0.0000999600 0.0000999600 0.0000999600 0.9995000000 0.0000999600 0.0000999600
17 17 (0) 5 : 0.0000999600 0.0000999600 0.0000999600 0.0000999600 0.9995000000 0.0000999600
18 18 (0) 5 : 0.0000999600 0.0000999600 0.0000999600 0.0000999600 0.9995000000 0.0000999600
19 19 (0) 5 : 0.0000999600 0.0000999600 0.0000999600 0.0000999600 0.9995000000 0.0000999600
20 20 (0) 5 : 0.0000999730 0.0000999730 0.0123854000 0.0014558200 0.9858590000 0.0000999730
21 21 (0) 6 : 0.0000999729 0.9661350000 0.0000999729 0.0000999729 0.0221483000 0.0114170000
22 22 (0) 6 : 0.0000999640 0.9977560000 0.0000999640 0.0000999640 0.0018445800 0.0000999640
23 23 (0) 6 : 0.0000999600 0.9995000000 0.0000999600 0.0000999600 0.0000999600 0.0000999600
24 24 (0) 6 : 0.0000999600 0.9995000000 0.0000999600 0.0000999600 0.0000999600 0.0000999600
25 25 (0) 7 : 0.2000170000 0.6783380000 0.0605044000 0.0000999820 0.0609402000 0.0000999820
26 26 (0) 7 : 0.1329120000 0.7844640000 0.0759967000 0.0000999910 0.0040735600 0.0024545900
27 27 (0) 7 : 0.1481730000 0.7477970000 0.0789704000 0.0000999910 0.0148023000 0.0101578000
28 28 (0) 7 : 0.2156890000 0.6438490000 0.0593082000 0.0000999910 0.0758138000 0.0052400000
29 29 (0) 8 : 0.0000999730 0.8457640000 0.0000999730 0.0278038000 0.0000999730 0.1261330000
30 30 (0) 8 : 0.0000999820 0.8803760000 0.0000999820 0.0459121000 0.0182054000 0.0553071000
31 31 (0) 8 : 0.0000999730 0.9437410000 0.0000999730 0.0018670700 0.0000999730 0.0540921000
32 32 (0) 8 : 0.0000999640 0.9700340000 0.0000999640 0.0000999640 0.0000999640 0.0295661000
33 33 (0) 9 : 0.0000999820 0.3016100000 0.0000999820 0.6752090000 0.0115729000 0.0114082000
34 34 (0) 9 : 0.0000999820 0.2790640000 0.0028327000 0.6993750000 0.0185278000 0.0000999820
35 35 (0) 9 : 0.0000999730 0.2963910000 0.0000999730 0.6971800000 0.0061284300 0.0000999730
36 36 (0) 9 : 0.0000999820 0.3029450000 0.0289133000 0.6657020000 0.0022393000 0.0000999820
37 37 (0) 10 : 0.0286743000 0.0351916000 0.0672524000 0.0626537000 0.0150936000 0.7911340000
38 38 (0) 10 : 0.0330918000 0.0000999820 0.0000999820 0.0985246000 0.0065311600 0.8616520000
39 39 (0) 10 : 0.0362906000 0.0572292000 0.0234852000 0.1047340000 0.0067760400 0.7714850000
40 40 (0) 10 : 0.0525598000 0.0000999820 0.0000999820 0.0857720000 0.0168853000 0.8445830000
41 41 (0) 11 : 0.0000999640 0.0401040000 0.0000999640 0.0000999640 0.0000999640 0.9594960000
42 42 (0) 11 : 0.0000999910 0.1723190000 0.0001854730 0.0239474000 0.0079143600 0.7955330000
43 43 (0) 11 : 0.0056621000 0.1440490000 0.0232488000 0.0433320000 0.0000999910 0.7836080000
44 44 (0) 11 : 0.0423751000 0.1475040000 0.0004235630 0.0578249000 0.0389337000 0.7129390000
45 45 (0) 12 : 0.0000999600 0.0000999600 0.0000999600 0.0000999600 0.0000999600 0.9995000000
46 46 (0) 12 : 0.0000999600 0.0000999600 0.0000999600 0.0000999600 0.0000999600 0.9995000000
47 47 (0) 12 : 0.0000999600 0.0000999600 0.0000999600 0.0000999600 0.0000999600 0.9995000000
48 48 (0) 12 : 0.0000999600 0.0000999600 0.0000999600 0.0000999600 0.0000999600 0.9995000000
1 1 (0) 1 : 0.1178000000 0.221451000 0.0055095600 0.0627969000 0.1032100000 0.489233000
2 2 (0) 1 : 0.1147920000 0.223002000 0.0050849500 0.0564670000 0.1004620000 0.500192000
3 3 (0) 1 : 0.2059070000 0.146823000 0.0765516000 0.0556404000 0.0599472000 0.455130000
4 4 (0) 1 : 0.1954260000 0.128844000 0.0705285000 0.0963368000 0.0602842000 0.448581000
5 5 (0) 2 : 0.0138461000 0.000099973 0.9788880000 0.0000999730 0.0069661600 0.000099973
6 6 (0) 2 : 0.0000999600 0.000099960 0.9995000000 0.0000999600 0.0000999600 0.000099960
7 7 (0) 2 : 0.0000999600 0.000099960 0.9995000000 0.0000999600 0.0000999600 0.000099960
8 8 (0) 2 : 0.0077727900 0.000099973 0.9738410000 0.0000999730 0.0000999730 0.018086700
9 9 (0) 3 : 0.0000999600 0.999500000 0.0000999600 0.0000999600 0.0000999600 0.000099960
10 10 (0) 3 : 0.0000999600 0.999500000 0.0000999600 0.0000999600 0.0000999600 0.000099960
11 11 (0) 3 : 0.0000999600 0.999500000 0.0000999600 0.0000999600 0.0000999600 0.000099960
12 12 (0) 3 : 0.0064860900 0.786048000 0.0681764000 0.0491196000 0.0191859000 0.070983700
13 13 (0) 4 : 0.0000999820 0.044754900 0.0364232000 0.0000999820 0.0144616000 0.904160000
14 14 (0) 4 : 0.0000999600 0.000099960 0.0000999600 0.0000999600 0.0000999600 0.999500000
15 15 (0) 4 : 0.0000999639 0.003969680 0.0000999639 0.0000999639 0.0000999639 0.995630000
16 16 (0) 4 : 0.0000999600 0.000099960 0.0000999600 0.0000999600 0.0000999600 0.999500000
17 17 (0) 5 : 0.0000999600 0.000099960 0.0000999600 0.0000999600 0.9995000000 0.000099960
18 18 (0) 5 : 0.0000999600 0.000099960 0.0000999600 0.0000999600 0.9995000000 0.000099960
19 19 (0) 5 : 0.0000999600 0.000099960 0.0000999600 0.0000999600 0.9995000000 0.000099960
20 20 (0) 5 : 0.0033406500 0.000099973 0.0055635300 0.0000999730 0.9907960000 0.000099973
21 21 (0) 6 : 0.0037188300 0.000099973 0.0000999730 0.9796650000 0.0163166000 0.000099973
22 22 (0) 6 : 0.0000999640 0.000099964 0.0000999640 0.9939180000 0.0056821900 0.000099964
23 23 (0) 6 : 0.0000999600 0.000099960 0.0000999600 0.9995000000 0.0000999600 0.000099960
24 24 (0) 6 : 0.0000999600 0.000099960 0.0000999600 0.9995000000 0.0000999600 0.000099960
25 25 (0) 7 : 0.0000999820 0.220915000 0.0550068000 0.6542910000 0.0695868000 0.000099982
26 26 (0) 7 : 0.0000999820 0.135589000 0.0769168000 0.7787820000 0.0085128600 0.000099982
27 27 (0) 7 : 0.0002103720 0.156167000 0.0800344000 0.7485230000 0.0149648000 0.000099991
28 28 (0) 7 : 0.0167157000 0.231468000 0.0472318000 0.6082700000 0.0962143000 0.000099991
29 29 (0) 8 : 0.1422470000 0.000099973 0.0000999730 0.8491920000 0.0000999730 0.008260510
30 30 (0) 8 : 0.0413884000 0.000099982 0.0000999820 0.8751570000 0.0231699000 0.060084400
31 31 (0) 8 : 0.0471851000 0.000099964 0.0000999640 0.9524150000 0.0000999640 0.000099964
32 32 (0) 8 : 0.0365539000 0.000099964 0.0000999640 0.9630460000 0.0000999640 0.000099964
33 33 (0) 9 : 0.0050434800 0.000099991 0.0402297000 0.3541030000 0.0057146000 0.594810000
34 34 (0) 9 : 0.0000999820 0.000099982 0.0445023000 0.3279540000 0.0065705900 0.620773000
35 35 (0) 9 : 0.0000999820 0.000099982 0.0587996000 0.3197870000 0.0103690000 0.610844000
36 36 (0) 9 : 0.0000999820 0.000099982 0.0880420000 0.3467400000 0.0024526100 0.562565000
37 37 (0) 10 : 0.7986140000 0.022073700 0.0704945000 0.0214899000 0.0220443000 0.065283500
38 38 (0) 10 : 0.8719220000 0.027608000 0.0000999820 0.0000999820 0.0180128000 0.082257400
39 39 (0) 10 : 0.7611280000 0.050790000 0.0116261000 0.0461191000 0.0045383900 0.125799000
40 40 (0) 10 : 0.8598900000 0.038322400 0.0000999820 0.0000999820 0.0268218000 0.074765500
41 41 (0) 11 : 0.9688480000 0.000099964 0.0000999640 0.0307522000 0.0000999640 0.000099964
42 42 (0) 11 : 0.7663200000 0.000099982 0.0002620300 0.1894440000 0.0000999820 0.043774800
43 43 (0) 11 : 0.7896780000 0.000099982 0.0062449000 0.1593310000 0.0000999820 0.044547000
44 44 (0) 11 : 0.6872550000 0.031193500 0.0237382000 0.1796320000 0.0335423000 0.044638300
45 45 (0) 12 : 0.9995000000 0.000099960 0.0000999600 0.0000999600 0.0000999600 0.000099960
46 46 (0) 12 : 0.9995000000 0.000099960 0.0000999600 0.0000999600 0.0000999600 0.000099960
47 47 (0) 12 : 0.9995000000 0.000099960 0.0000999600 0.0000999600 0.0000999600 0.000099960
48 48 (0) 12 : 0.9995000000 0.000099960 0.0000999600 0.0000999600 0.0000999600 0.000099960
1 1 (0) 1 : 0.0678807000 0.1329900000 0.0505804000 0.6503820000 0.0598846000 0.0382822000
2 2 (0) 1 : 0.0526916000 0.1103490000 0.0665188000 0.6528180000 0.0820706000 0.0355516000
3 3 (0) 1 : 0.1476890000 0.1222650000 0.0020267500 0.7278190000 0.0000999820 0.0000999820
4 4 (0) 1 : 0.1172620000 0.1531440000 0.0244733000 0.7049210000 0.0000999820 0.0000999820
5 5 (0) 2 : 0.0000999600 0.0000999600 0.0000999600 0.9995000000 0.0000999600 0.0000999600
6 6 (0) 2 : 0.0000999600 0.0000999600 0.0000999600 0.9995000000 0.0000999600 0.0000999600
7 7 (0) 2 : 0.0000999600 0.0000999600 0.0000999600 0.9995000000 0.0000999600 0.0000999600
8 8 (0) 2 : 0.0000999639 0.0000999639 0.0000999639 0.9936430000 0.0059570600 0.0000999639
9 9 (0) 3 : 0.0000999600 0.0000999600 0.0000999600 0.0000999600 0.0000999600 0.9995000000
10 10 (0) 3 : 0.0000999600 0.0000999600 0.0000999600 0.0000999600 0.0000999600 0.9995000000
11 11 (0) 3 : 0.0000999600 0.0000999600 0.0000999600 0.0000999600 0.0000999600 0.9995000000
12 12 (0) 3 : 0.0299564000 0.0428239000 0.0235902000 0.0668519000 0.0640379000 0.7727400000
13 13 (0) 4 : 0.0000999730 0.0000999730 0.0000999730 0.1929600000 0.7966870000 0.0100527000
14 14 (0) 4 : 0.0000999600 0.0000999600 0.0000999600 0.0000999600 0.9995000000 0.0000999600
15 15 (0) 4 : 0.0000999730 0.0000999730 0.0000999730 0.0659951000 0.9131890000 0.0205163000
16 16 (0) 4 : 0.0000999600 0.0000999600 0.0000999600 0.0000999600 0.9995000000 0.0000999600
17 17 (0) 5 : 0.0000999600 0.0000999600 0.9995000000 0.0000999600 0.0000999600 0.0000999600
18 18 (0) 5 : 0.0000999640 0.0000999640 0.9990950000 0.0000999640 0.0005047440 0.0000999640
19 19 (0) 5 : 0.0000999600 0.0000999600 0.9995000000 0.0000999600 0.0000999600 0.0000999600
20 20 (0) 5 : 0.0026325800 0.0000999730 0.9934770000 0.0000999730 0.0000999730 0.0035907700
21 21 (0) 6 : 0.0000999639 0.9930430000 0.0065575200 0.0000999639 0.0000999639 0.0000999639
22 22 (0) 6 : 0.0000999600 0.9995000000 0.0000999600 0.0000999600 0.0000999600 0.0000999600
23 23 (0) 6 : 0.0000999600 0.9995000000 0.0000999600 0.0000999600 0.0000999600 0.0000999600
24 24 (0) 6 : 0.0000999600 0.9995000000 0.0000999600 0.0000999600 0.0000999600 0.0000999600
25 25 (0) 7 : 0.0000999820 0.6556840000 0.0479132000 0.1227840000 0.0000999820 0.1734180000
26 26 (0) 7 : 0.0000999730 0.7502830000 0.0000999730 0.1653020000 0.0000999730 0.0841153000
27 27 (0) 7 : 0.0000999820 0.7257390000 0.0141873000 0.1550880000 0.0000999820 0.1047860000
28 28 (0) 7 : 0.0000999820 0.6241590000 0.0666219000 0.1160870000 0.0000999820 0.1929320000
29 29 (0) 8 : 0.1310630000 0.8260190000 0.0205282000 0.0000999820 0.0221899000 0.0000999820
30 30 (0) 8 : 0.0452488000 0.8650880000 0.0101446000 0.0000999820 0.0793184000 0.0000999820
31 31 (0) 8 : 0.0401458000 0.9594540000 0.0000999640 0.0000999640 0.0000999640 0.0000999640
32 32 (0) 8 : 0.0258303000 0.9737700000 0.0000999640 0.0000999640 0.0000999640 0.0000999640
33 33 (0) 9 : 0.0253213000 0.2652860000 0.0249157000 0.0000999820 0.6842770000 0.0000999820
34 34 (0) 9 : 0.0000999730 0.2578410000 0.0006426020 0.0000999730 0.7412170000 0.0000999730
35 35 (0) 9 : 0.0000999730 0.2578000000 0.0082218300 0.0000999730 0.7336790000 0.0000999730
36 36 (0) 9 : 0.0088112700 0.2731430000 0.0060695600 0.0000999820 0.7117760000 0.0000999820
37 37 (0) 10 : 0.7506980000 0.0438910000 0.0125171000 0.1528950000 0.0146114000 0.0253880000
38 38 (0) 10 : 0.8375700000 0.0053530000 0.0000999910 0.0911499000 0.0639970000 0.0018302500
39 39 (0) 10 : 0.7235820000 0.0885486000 0.0000999910 0.1229220000 0.0630827000 0.0017652200
40 40 (0) 10 : 0.8697270000 0.0066739300 0.0076195800 0.0582285000 0.0424868000 0.0152638000
41 41 (0) 11 : 0.9647750000 0.0196681000 0.0152574000 0.0000999730 0.0000999730 0.0000999730
42 42 (0) 11 : 0.7612730000 0.1853900000 0.0000999820 0.0288174000 0.0243204000 0.0000999820
43 43 (0) 11 : 0.7574350000 0.1566900000 0.0000999910 0.0336183000 0.0435385000 0.0086181100
44 44 (0) 11 : 0.7002410000 0.1665440000 0.0431777000 0.0000999910 0.0601576000 0.0297797000
45 45 (0) 12 : 0.9995000000 0.0000999600 0.0000999600 0.0000999600 0.0000999600 0.0000999600
46 46 (0) 12 : 0.9995000000 0.0000999600 0.0000999600 0.0000999600 0.0000999600 0.0000999600
47 47 (0) 12 : 0.9995000000 0.0000999600 0.0000999600 0.0000999600 0.0000999600 0.0000999600
48 48 (0) 12 : 0.9995000000 0.0000999600 0.0000999600 0.0000999600 0.0000999600 0.0000999600
1 1 (0) 1 : 0.2027670000 0.4722440000 0.0741870000 0.1206870000 0.0441216000 0.0859936000
2 2 (0) 1 : 0.1909570000 0.4904960000 0.0638385000 0.1095770000 0.0462430000 0.0988881000
3 3 (0) 1 : 0.1724150000 0.4318080000 0.0826610000 0.2156380000 0.0420900000 0.0553876000
4 4 (0) 1 : 0.1625810000 0.4296440000 0.1303800000 0.1749310000 0.0506939000 0.0517693000
5 5 (0) 2 : 0.0000999640 0.0000999640 0.0000999640 0.0087100500 0.9908900000 0.0000999640
6 6 (0) 2 : 0.0026434100 0.0000999640 0.0000999640 0.0000999640 0.9969570000 0.0000999640
7 7 (0) 2 : 0.0000999600 0.0000999600 0.0000999600 0.0000999600 0.9995000000 0.0000999600
8 8 (0) 2 : 0.0000999730 0.0192776000 0.0000999730 0.0026751400 0.9777470000 0.0000999730
9 9 (0) 3 : 0.9995000000 0.0000999600 0.0000999600 0.0000999600 0.0000999600 0.0000999600
10 10 (0) 3 : 0.9995000000 0.0000999600 0.0000999600 0.0000999600 0.0000999600 0.0000999600
11 11 (0) 3 : 0.9995000000 0.0000999600 0.0000999600 0.0000999600 0.0000999600 0.0000999600
12 12 (0) 3 : 0.7719140000 0.0649431000 0.0487428000 0.0147126000 0.0657209000 0.0339671000
13 13 (0) 4 : 0.0281968000 0.9116230000 0.0000999730 0.0000999730 0.0598800000 0.0000999730
14 14 (0) 4 : 0.0000999600 0.9995000000 0.0000999600 0.0000999600 0.0000999600 0.0000999600
15 15 (0) 4 : 0.0130358000 0.9865640000 0.0000999639 0.0000999639 0.0000999639 0.0000999639
16 16 (0) 4 : 0.0000999600 0.9995000000 0.0000999600 0.0000999600 0.0000999600 0.0000999600
17 17 (0) 5 : 0.0000999600 0.0000999600 0.0000999600 0.0000999600 0.0000999600 0.9995000000
18 18 (0) 5 : 0.0000999730 0.0032371700 0.0000999730 0.0000999730 0.0002429570 0.9962200000
19 19 (0) 5 : 0.0000999600 0.0000999600 0.0000999600 0.0000999600 0.0000999600 0.9995000000
20 20 (0) 5 : 0.0000999730 0.0000999730 0.0000999730 0.0070438400 0.0052810900 0.9873750000
21 21 (0) 6 : 0.0000999729 0.0000999729 0.9527820000 0.0177965000 0.0000999729 0.0291210000
22 22 (0) 6 : 0.0000999600 0.0000999600 0.9995000000 0.0000999600 0.0000999600 0.0000999600
23 23 (0) 6 : 0.0000999600 0.0000999600 0.9995000000 0.0000999600 0.0000999600 0.0000999600
24 24 (0) 6 : 0.0000999600 0.0000999600 0.9995000000 0.0000999600 0.0000999600 0.0000999600
25 25 (0) 7 : 0.1902320000 0.0000999820 0.6631570000 0.0000999820 0.0850018000 0.0614089000
26 26 (0) 7 : 0.1269150000 0.0000999730 0.7895430000 0.0000999730 0.0832420000 0.0000999730
27 27 (0) 7 : 0.1322920000 0.0000999820 0.7726350000 0.0000999820 0.0812879000 0.0135849000
28 28 (0) 7 : 0.2022350000 0.0000999910 0.6269150000 0.0320704000 0.0694004000 0.0692794000
29 29 (0) 8 : 0.0000999820 0.0209056000 0.8400280000 0.1277290000 0.0000999820 0.0111380000
30 30 (0) 8 : 0.0000999820 0.0431639000 0.8864390000 0.0524610000 0.0000999820 0.0177360000
31 31 (0) 8 : 0.0000999640 0.0000999640 0.9413080000 0.0582917000 0.0000999640 0.0000999640
32 32 (0) 8 : 0.0000999640 0.0000999640 0.9668710000 0.0327289000 0.0000999640 0.0000999640
33 33 (0) 9 : 0.0000999900 0.5578060000 0.3256170000 0.0352657000 0.0684878000 0.0127240000
34 34 (0) 9 : 0.0000999730 0.6295880000 0.3258430000 0.0000999730 0.0442694000 0.0000999730
35 35 (0) 9 : 0.0000999820 0.5998630000 0.3324860000 0.0000999820 0.0653497000 0.0021007900
36 36 (0) 9 : 0.0000999730 0.5834160000 0.3395280000 0.0000999730 0.0767558000 0.0000999730
37 37 (0) 10 : 0.0429905000 0.0555429000 0.0493134000 0.7670970000 0.0476739000 0.0373819000
38 38 (0) 10 : 0.0217535000 0.1093650000 0.0000999820 0.8519360000 0.0000999820 0.0167452000
39 39 (0) 10 : 0.0272649000 0.1269150000 0.0528110000 0.7671870000 0.0190089000 0.0068136500
40 40 (0) 10 : 0.0301221000 0.1061780000 0.0000999820 0.8557430000 0.0000999820 0.0077568800
41 41 (0) 11 : 0.0000999730 0.0000999730 0.0370518000 0.9585050000 0.0000999730 0.0041433100
42 42 (0) 11 : 0.0000999910 0.0480872000 0.1822770000 0.7683530000 0.0009139050 0.0002690720
43 43 (0) 11 : 0.0000999820 0.0518764000 0.1686580000 0.7635520000 0.0157137000 0.0000999820
44 44 (0) 11 : 0.0265610000 0.0522348000 0.1707250000 0.7115980000 0.0006711110 0.0382093000
45 45 (0) 12 : 0.0000999600 0.0000999600 0.0000999600 0.9995000000 0.0000999600 0.0000999600
46 46 (0) 12 : 0.0000999600 0.0000999600 0.0000999600 0.9995000000 0.0000999600 0.0000999600
47 47 (0) 12 : 0.0000999600 0.0000999600 0.0000999600 0.9995000000 0.0000999600 0.0000999600
48 48 (0) 12 : 0.0000999600 0.0000999600 0.0000999600 0.9995000000 0.0000999600 0.0000999600
1 1 (0) 1 : 0.1389480000 0.6271060000 0.0829941000 0.0333205000 0.0432877000 0.0743445000
2 2 (0) 1 : 0.1186520000 0.6459950000 0.1087790000 0.0204018000 0.0467509000 0.0594210000
3 3 (0) 1 : 0.1171190000 0.7310100000 0.0000999820 0.0000999820 0.0019903400 0.1496810000
4 4 (0) 1 : 0.1614640000 0.7143210000 0.0000999820 0.0000999820 0.0003176610 0.1236980000
5 5 (0) 2 : 0.0000999600 0.9995000000 0.0000999600 0.0000999600 0.0000999600 0.0000999600
6 6 (0) 2 : 0.0000999639 0.9905560000 0.0000999639 0.0090440600 0.0000999639 0.0000999639
7 7 (0) 2 : 0.0000999639 0.9991130000 0.0000999639 0.0004867270 0.0000999639 0.0000999639
8 8 (0) 2 : 0.0000999729 0.9912480000 0.0023080600 0.0061439000 0.0000999729 0.0000999729
9 9 (0) 3 : 0.0000999600 0.0000999600 0.0000999600 0.9995000000 0.0000999600 0.0000999600
10 10 (0) 3 : 0.0000999600 0.0000999600 0.0000999600 0.9995000000 0.0000999600 0.0000999600
11 11 (0) 3 : 0.0000999600 0.0000999600 0.0000999600 0.9995000000 0.0000999600 0.0000999600
12 12 (0) 3 : 0.0565438000 0.0701295000 0.0701554000 0.7733520000 0.0165110000 0.0133087000
13 13 (0) 4 : 0.0000999730 0.1787820000 0.8017570000 0.0191611000 0.0000999730 0.0000999730
14 14 (0) 4 : 0.0000999600 0.0000999600 0.9995000000 0.0000999600 0.0000999600 0.0000999600
15 15 (0) 4 : 0.0000999730 0.0683949000 0.9170440000 0.0142616000 0.0000999730 0.0000999730
16 16 (0) 4 : 0.0000999600 0.0000999600 0.9995000000 0.0000999600 0.0000999600 0.0000999600
17 17 (0) 5 : 0.0000999640 0.0000999640 0.0000999640 0.0004699750 0.9991300000 0.0000999640
18 18 (0) 5 : 0.0000999640 0.0000999640 0.0026396900 0.0000999640 0.9969600000 0.0000999640
19 19 (0) 5 : 0.0000999600 0.0000999600 0.0000999600 0.0000999600 0.9995000000 0.0000999600
20 20 (0) 5 : 0.0013181900 0.0000999820 0.0000999820 0.0037814900 0.9783510000 0.0163496000
21 21 (0) 6 : 0.9704730000 0.0000999729 0.0000999729 0.0000999729 0.0165862000 0.0126408000
22 22 (0) 6 : 0.9793350000 0.0000999640 0.0000999640 0.0000999640 0.0202650000 0.0000999640
23 23 (0) 6 : 0.9995000000 0.0000999600 0.0000999600 0.0000999600 0.0000999600 0.0000999600
24 24 (0) 6 : 0.9995000000 0.0000999600 0.0000999600 0.0000999600 0.0000999600 0.0000999600
25 25 (0) 7 : 0.6824210000 0.1039990000 0.0000999820 0.1630470000 0.0503327000 0.0000999820
26 26 (0) 7 : 0.7648590000 0.1488750000 0.0000999730 0.0859665000 0.0000999730 0.0000999730
27 27 (0) 7 : 0.7280130000 0.1764570000 0.0000999730 0.0952303000 0.0000999730 0.0000999730
28 28 (0) 7 : 0.6365630000 0.1064450000 0.0000999820 0.1831960000 0.0735960000 0.0000999820
29 29 (0) 8 : 0.8170360000 0.0000999820 0.0331453000 0.0000999820 0.0081711600 0.1414480000
30 30 (0) 8 : 0.8737220000 0.0000999820 0.0799838000 0.0000999820 0.0066149100 0.0394792000
31 31 (0) 8 : 0.9262890000 0.0000999730 0.0245728000 0.0000999730 0.0000999730 0.0488385000
32 32 (0) 8 : 0.9571200000 0.0000999640 0.0000999640 0.0000999640 0.0000999640 0.0424797000
33 33 (0) 9 : 0.2624970000 0.0000999730 0.7217300000 0.0000999730 0.0000999730 0.0154728000
34 34 (0) 9 : 0.2061980000 0.0000999730 0.7839830000 0.0000999730 0.0095187400 0.0000999730
35 35 (0) 9 : 0.2236610000 0.0000999730 0.7648670000 0.0000999730 0.0111727000 0.0000999730
36 36 (0) 9 : 0.2702590000 0.0000999730 0.7226260000 0.0000999730 0.0000999730 0.0068155900
37 37 (0) 10 : 0.0498815000 0.1309140000 0.0174197000 0.0053980800 0.0342040000 0.7621830000
38 38 (0) 10 : 0.0039439400 0.0960309000 0.0542838000 0.0000999910 0.0086191000 0.8370220000
39 39 (0) 10 : 0.0674246000 0.0982632000 0.0695556000 0.0000999910 0.0094161000 0.7552410000
40 40 (0) 10 : 0.0295077000 0.0791411000 0.0612133000 0.0121935000 0.0000999910 0.8178440000
41 41 (0) 11 : 0.0457203000 0.0000999700 0.0000999700 0.0000999700 0.0004078950 0.9535720000
42 42 (0) 11 : 0.1948520000 0.0090479600 0.0316252000 0.0000999820 0.0000999820 0.7642750000
43 43 (0) 11 : 0.1608820000 0.0493956000 0.0284228000 0.0010931100 0.0000999910 0.7601070000
44 44 (0) 11 : 0.1760030000 0.0000999900 0.0610724000 0.0309554000 0.0500147000 0.6818540000
45 45 (0) 12 : 0.0000999600 0.0000999600 0.0000999600 0.0000999600 0.0000999600 0.9995000000
46 46 (0) 12 : 0.0000999600 0.0000999600 0.0000999600 0.0000999600 0.0000999600 0.9995000000
47 47 (0) 12 : 0.0000999600 0.0000999600 0.0000999600 0.0000999600 0.0000999600 0.9995000000
48 48 (0) 12 : 0.0000999600 0.0000999600 0.0000999600 0.0000999600 0.0000999600 0.9995000000
