-------------------------------------------------------------------------------
 L       Percentage of nodes in the largest component
 D       Percentage of nodes in components of size at most 3 [-div option]
 R       Percentage of nodes not in L or D: 100 - L -D
 S       Percentage of nodes that are singletons
 E       Fraction of edges retained (input graph has 9900)
 cce     Expected size of component, nodewise [ sum(sz^2) / sum^2(sz) ]
 EW      Edge weight traits (mean, median and IQR)
 ND      Node degree traits [mean, median and IQR]
 CCF     Clustering coefficient (scale 1-100)
 eff     Induced component efficiency relative to start graph (scale 1-1000)
Total number of nodes: 100
----------------------------------------------------------------------------------------------
  L   D   R   S     E     cce  EWmean   EWmed   EWiqr  NDmean   NDmed  NDiqr CCF  eff  Cutoff 
----------------------------------------------------------------------------------------------
100   0   0   0 0.987     100    0.72    0.69    0.12    97.7    99.5    1.5   -    -     0.50
100   0   0   0 0.962     100    0.73    0.69    0.11    95.3    97.5    1.5   -    -     0.51
100   0   0   0 0.959     100    0.73    0.69    0.11    94.9    97.5    3.5   -    -     0.52
100   0   0   0 0.948     100    0.73    0.69    0.11    93.9    96.5    3.5   -    -     0.53
100   0   0   0 0.932     100    0.73    0.69    0.09    92.3    96.5    2.5   -    -     0.54
100   0   0   0 0.924     100    0.73    0.69    0.10    91.4    96.5    3.5   -    -     0.55
100   0   0   0 0.877     100    0.74    0.69    0.30    86.8    91.5    5.5   -    -     0.56
100   0   0   0 0.829     100    0.75    0.69    0.30    82.1    87.5   10.5   -    -     0.57
100   0   0   0 0.806     100    0.76    0.69    0.30    79.8    86.5    9.5   -    -     0.58
100   0   0   0 0.760     100    0.77    0.69    0.29    75.2    82.5    8.5   -    -     0.59
100   0   0   0 0.743     100    0.77    0.69    0.29    73.6    80.5    9.5   -    -     0.60
100   0   0   0 0.722     100    0.78    0.69    0.29    71.5    80.5   12.5   -    -     0.61
100   0   0   0 0.704     100    0.78    0.70    0.29    69.7    79.5   12.5   -    -     0.62
100   0   0   0 0.701     100    0.78    0.70    0.29    69.4    79.5   14.5   -    -     0.63
100   0   0   0 0.696     100    0.79    0.70    0.29    68.9    78.5   35.5   -    -     0.64
 99   1   0   1 0.686      98    0.79    0.70    0.29    67.9    78.5   36.5   -    -     0.65
 99   1   0   1 0.675      98    0.79    0.70    0.29    66.8    77.5   36.5   -    -     0.66
 95   1   4   1 0.658      90    0.79    0.70    0.29    65.1    75.5   35.5   -    -     0.67
 95   1   4   1 0.639      90    0.80    0.70    0.29    63.3    74.5   33.5   -    -     0.68
 95   1   4   1 0.425      90    0.85    0.98    0.28    42.1    48.5   22.5   -    -     0.69
 79   6  15   3 0.352      64    0.88    0.98    0.26    34.8    36.5   11.5   -    -     0.70
 40   6  54   3 0.290      33    0.92    0.98    0.01    28.7    35.5    3.5   -    -     0.71
 39  10  51   4 0.275      30    0.93    0.98    0.00    27.2    34.5   28.5   -    -     0.72
 39  20  41   8 0.231      24    0.97    0.98    0.00    22.9    26.5   33.5   -    -     0.73
 39  20  41   8 0.231      24    0.97    0.98    0.00    22.9    26.5   33.5   -    -     0.74
 39  20  41  10 0.231      24    0.97    0.98    0.00    22.9    26.5   33.5   -    -     0.75
 39  20  41  10 0.231      24    0.97    0.98    0.00    22.9    26.5   33.5   -    -     0.76
 39  20  41  10 0.231      24    0.97    0.98    0.00    22.9    26.5   33.5   -    -     0.77
 39  20  41  10 0.230      24    0.97    0.98    0.00    22.8    26.5   33.5   -    -     0.78
 39  21  40  11 0.230      24    0.98    0.98    0.00    22.8    26.5   34.5   -    -     0.79
 39  21  40  11 0.228      24    0.98    0.98    0.00    22.6    26.5   34.5   -    -     0.80
 39  21  40  11 0.222      24    0.98    0.98    0.00    22.0    26.5   33.5   -    -     0.81
 38  22  40  12 0.222      23    0.98    0.98    0.00    22.0    26.5   33.5   -    -     0.82
 38  22  40  12 0.222      23    0.98    0.98    0.00    22.0    26.5   33.5   -    -     0.83
 38  22  40  12 0.222      23    0.98    0.98    0.00    22.0    26.5   33.5   -    -     0.84
 38  22  40  12 0.222      23    0.98    0.98    0.00    22.0    26.5   33.5   -    -     0.85
 38  22  40  12 0.222      23    0.98    0.98    0.00    22.0    26.5   33.5   -    -     0.86
 38  22  40  13 0.222      23    0.98    0.98    0.00    22.0    26.5   33.5   -    -     0.87
 38  22  40  13 0.222      23    0.98    0.98    0.00    22.0    26.5   33.5   -    -     0.88
 38  22  40  15 0.222      23    0.98    0.98    0.00    21.9    26.5   33.5   -    -     0.89
 38  22  40  15 0.222      23    0.98    0.98    0.00    21.9    26.5   33.5   -    -     0.90
 38  22  40  15 0.222      23    0.98    0.98    0.00    21.9    26.5   33.5   -    -     0.91
 38  22  40  15 0.222      23    0.98    0.98    0.00    21.9    26.5   33.5   -    -     0.92
 38  22  40  15 0.222      23    0.98    0.98    0.00    21.9    26.5   33.5   -    -     0.93
 38  22  40  15 0.222      23    0.98    0.98    0.00    21.9    26.5   33.5   -    -     0.94
 38  22  40  15 0.222      23    0.98    0.98    0.00    21.9    26.5   33.5   -    -     0.95
 38  22  40  15 0.222      23    0.98    0.98    0.00    21.9    26.5   33.5   -    -     0.96
 38  22  40  15 0.222      23    0.98    0.98    0.00    21.9    26.5   33.5   -    -     0.97
 38  27  35  22 0.175      23    0.98    0.98    0.00    17.3    21.5   25.5   -    -     0.98
  0 100   0 100 0.000       1    0.00    0.00    0.00     0.0     0.5    0.5   -    -     0.99
---------------------------------------------------------------------------------------------
