1 1 (0) 1 : 0.000099964 0.0377528000 0.0281978000 0.0000999640 0.0000999640 0.9216700000 0.0119798000 0.0000999640
2 2 (0) 1 : 0.000099973 0.0042710400 0.0252409000 0.0000999730 0.0000999730 0.9412090000 0.0132198000 0.0157598000
3 3 (0) 1 : 0.000099946 0.0000999460 0.0000999460 0.0000999460 0.0014881500 0.9979120000 0.0000999460 0.0000999460
4 4 (0) 1 : 0.000099946 0.0000999460 0.0000999460 0.0000999460 0.0009814730 0.9984190000 0.0000999460 0.0000999460
5 5 (0) 2 : 0.000099982 0.4342760000 0.3588540000 0.0149428000 0.0000999820 0.0172296000 0.0496273000 0.1248710000
6 6 (0) 2 : 0.000099973 0.3930320000 0.4050810000 0.0000999730 0.0000999730 0.0388264000 0.0448449000 0.1179160000
7 7 (0) 2 : 0.000099973 0.4143330000 0.4130960000 0.0000999730 0.0000999730 0.0230084000 0.0319137000 0.1173490000
8 8 (0) 2 : 0.000099982 0.4515730000 0.3292620000 0.0228070000 0.0000999820 0.0187013000 0.0552818000 0.1221750000
9 9 (0) 3 : 0.000099940 0.0000999400 0.9993000000 0.0000999400 0.0000999400 0.0000999400 0.0000999400 0.0000999400
10 10 (0) 3 : 0.000099940 0.0000999400 0.9993000000 0.0000999400 0.0000999400 0.0000999400 0.0000999400 0.0000999400
11 11 (0) 3 : 0.000099940 0.0000999400 0.9993000000 0.0000999400 0.0000999400 0.0000999400 0.0000999400 0.0000999400
12 12 (0) 3 : 0.046906400 0.0101649000 0.8051390000 0.0000999910 0.0352513000 0.0502647000 0.0177940000 0.0343798000
13 13 (0) 4 : 0.000099982 0.7041500000 0.0004977190 0.0000999820 0.0079913700 0.1008160000 0.0044069900 0.1819380000
14 14 (0) 4 : 0.000099940 0.9993000000 0.0000999400 0.0000999400 0.0000999400 0.0000999400 0.0000999400 0.0000999400
15 15 (0) 4 : 0.026543600 0.9586650000 0.0000999549 0.0000999549 0.0000999549 0.0142913000 0.0000999549 0.0000999549
16 16 (0) 4 : 0.000099940 0.9993000000 0.0000999400 0.0000999400 0.0000999400 0.0000999400 0.0000999400 0.0000999400
17 17 (0) 5 : 0.000099940 0.0000999400 0.0000999400 0.0000999400 0.0000999400 0.0000999400 0.9993000000 0.0000999400
18 18 (0) 5 : 0.000099940 0.0000999400 0.0000999400 0.0000999400 0.0000999400 0.0000999400 0.9993000000 0.0000999400
19 19 (0) 5 : 0.000099946 0.0000999460 0.0000999460 0.0021873300 0.0000999460 0.0000999460 0.9972130000 0.0000999460
20 20 (0) 5 : 0.000099964 0.0000999640 0.0000999640 0.0000999640 0.0079698400 0.0031958500 0.9882510000 0.0001838680
21 21 (0) 6 : 0.939600000 0.0000999640 0.0000999640 0.0095581100 0.0000999640 0.0096921100 0.0000999640 0.0407498000
22 22 (0) 6 : 0.978975000 0.0000999640 0.0000999640 0.0038431300 0.0000999640 0.0000999640 0.0166288000 0.0001532410
23 23 (0) 6 : 0.999300000 0.0000999400 0.0000999400 0.0000999400 0.0000999400 0.0000999400 0.0000999400 0.0000999400
24 24 (0) 6 : 0.993225000 0.0000999460 0.0000999460 0.0000999460 0.0000999460 0.0000999460 0.0000999460 0.0061757600
25 25 (0) 7 : 0.661186000 0.0000999639 0.2069550000 0.0000999639 0.0000999639 0.0801975000 0.0512620000 0.0000999639
26 26 (0) 7 : 0.719474000 0.0000999640 0.1304600000 0.0000999640 0.0098296400 0.1398360000 0.0000999640 0.0000999640
27 27 (0) 7 : 0.724779000 0.0000999640 0.1508630000 0.0000999640 0.0000999640 0.1147720000 0.0091863000 0.0000999640
28 28 (0) 7 : 0.610894000 0.0000999729 0.2076230000 0.0091481900 0.0000999729 0.0934559000 0.0785785000 0.0000999729
29 29 (0) 8 : 0.849185000 0.0212737000 0.0000999640 0.0490381000 0.0801030000 0.0000999640 0.0000999640 0.0000999640
30 30 (0) 8 : 0.844125000 0.0000999640 0.0000999640 0.0000999640 0.0432640000 0.0000999640 0.0102415000 0.1019700000
31 31 (0) 8 : 0.951086000 0.0078519800 0.0000999640 0.0055192100 0.0351431000 0.0000999640 0.0000999640 0.0000999640
32 32 (0) 8 : 0.977026000 0.0000999460 0.0000999460 0.0000999460 0.0223744000 0.0000999460 0.0000999460 0.0000999460
33 33 (0) 9 : 0.000557718 0.0000999730 0.0000999730 0.0181295000 0.0000999730 0.0024970600 0.0003780900 0.9781380000
34 34 (0) 9 : 0.000099940 0.0000999400 0.0000999400 0.0000999400 0.0000999400 0.0000999400 0.0000999400 0.9993000000
35 35 (0) 9 : 0.000099940 0.0000999400 0.0000999400 0.0000999400 0.0000999400 0.0000999400 0.0000999400 0.9993000000
36 36 (0) 9 : 0.000099940 0.0000999400 0.0000999400 0.0000999400 0.0000999400 0.0000999400 0.0000999400 0.9993000000
37 37 (0) 10 : 0.001732510 0.0000999910 0.0328051000 0.0210463000 0.8907010000 0.0087247800 0.0241556000 0.0207345000
38 38 (0) 10 : 0.000099940 0.0000999400 0.0000999400 0.0000999400 0.9993000000 0.0000999400 0.0000999400 0.0000999400
39 39 (0) 10 : 0.008636960 0.0173621000 0.0214731000 0.0000999910 0.9162680000 0.0223259000 0.0053785400 0.0084551400
40 40 (0) 10 : 0.000099940 0.0000999400 0.0000999400 0.0000999400 0.9993000000 0.0000999400 0.0000999400 0.0000999400
41 41 (0) 11 : 0.039339200 0.0000999550 0.0000999550 0.6056860000 0.3544750000 0.0000999550 0.0000999550 0.0000999550
42 42 (0) 11 : 0.158815000 0.0000999549 0.0000999549 0.1523400000 0.6883450000 0.0000999549 0.0000999549 0.0000999549
43 43 (0) 11 : 0.156734000 0.0000999549 0.0000999549 0.1356040000 0.7071620000 0.0000999549 0.0000999549 0.0000999549
44 44 (0) 11 : 0.146612000 0.0000999800 0.0326568000 0.2741080000 0.4629590000 0.0000999800 0.0258339000 0.0576294000
45 45 (0) 12 : 0.000099940 0.0000999400 0.0000999400 0.9993000000 0.0000999400 0.0000999400 0.0000999400 0.0000999400
46 46 (0) 12 : 0.000099940 0.0000999400 0.0000999400 0.9993000000 0.0000999400 0.0000999400 0.0000999400 0.0000999400
47 47 (0) 12 : 0.000099940 0.0000999400 0.0000999400 0.9993000000 0.0000999400 0.0000999400 0.0000999400 0.0000999400
48 48 (0) 12 : 0.000099940 0.0000999400 0.0000999400 0.9993000000 0.0000999400 0.0000999400 0.0000999400 0.0000999400
1 1 (0) 1 : 0.0000999639 0.0000999639 0.0207953000 0.9134530000 0.0268595000 0.0000999639 0.0384921000 0.0000999639
2 2 (0) 1 : 0.0000999730 0.0000999730 0.0221626000 0.9037010000 0.0249935000 0.0064337200 0.0424092000 0.0000999730
3 3 (0) 1 : 0.0000999400 0.0000999400 0.0000999400 0.9993000000 0.0000999400 0.0000999400 0.0000999400 0.0000999400
4 4 (0) 1 : 0.0000999400 0.0000999400 0.0000999400 0.9993000000 0.0000999400 0.0000999400 0.0000999400 0.0000999400
5 5 (0) 2 : 0.0000999549 0.0000999549 0.1846290000 0.1149540000 0.0000999549 0.6999180000 0.0000999549 0.0000999549
6 6 (0) 2 : 0.0000999549 0.0000999549 0.2117830000 0.0775251000 0.0000999549 0.7101920000 0.0000999549 0.0000999549
7 7 (0) 2 : 0.0000999549 0.0000999549 0.1850760000 0.0859685000 0.0000999549 0.7284560000 0.0000999549 0.0000999549
8 8 (0) 2 : 0.0000999549 0.0000999549 0.1979410000 0.0955339000 0.0000999549 0.7060250000 0.0000999549 0.0000999549
9 9 (0) 3 : 0.0000999400 0.0000999400 0.9993000000 0.0000999400 0.0000999400 0.0000999400 0.0000999400 0.0000999400
10 10 (0) 3 : 0.0000999400 0.0000999400 0.9993000000 0.0000999400 0.0000999400 0.0000999400 0.0000999400 0.0000999400
11 11 (0) 3 : 0.0000999400 0.0000999400 0.9993000000 0.0000999400 0.0000999400 0.0000999400 0.0000999400 0.0000999400
12 12 (0) 3 : 0.0468412000 0.0000999900 0.7740210000 0.0574873000 0.0211860000 0.0326639000 0.0285210000 0.0391795000
13 13 (0) 4 : 0.0000999730 0.0000999730 0.0198328000 0.1021940000 0.0041355500 0.2038340000 0.6697040000 0.0000999730
14 14 (0) 4 : 0.0000999400 0.0000999400 0.0000999400 0.0000999400 0.0000999400 0.0000999400 0.9993000000 0.0000999400
15 15 (0) 4 : 0.0000999730 0.0064208000 0.0044655800 0.0450526000 0.0000999730 0.0000999730 0.9216470000 0.0221140000
16 16 (0) 4 : 0.0000999400 0.0000999400 0.0000999400 0.0000999400 0.0000999400 0.0000999400 0.9993000000 0.0000999400
17 17 (0) 5 : 0.0000999460 0.0000999460 0.0000999460 0.0000999460 0.9968770000 0.0000999460 0.0025229600 0.0000999460
18 18 (0) 5 : 0.0000999400 0.0000999400 0.0000999400 0.0000999400 0.9993000000 0.0000999400 0.0000999400 0.0000999400
19 19 (0) 5 : 0.0000999400 0.0000999400 0.0000999400 0.0000999400 0.9993000000 0.0000999400 0.0000999400 0.0000999400
20 20 (0) 5 : 0.0101806000 0.0000999550 0.0000999550 0.0000999550 0.9811190000 0.0082005700 0.0000999550 0.0000999550
21 21 (0) 6 : 0.0000999639 0.0165519000 0.0000999639 0.0220138000 0.0125379000 0.0000999639 0.0000999639 0.9484970000
22 22 (0) 6 : 0.0000999640 0.0026624700 0.0000999640 0.0000999640 0.0036115100 0.0043215900 0.0000999640 0.9890050000
23 23 (0) 6 : 0.0000999400 0.0000999400 0.0000999400 0.0000999400 0.0000999400 0.0000999400 0.0000999400 0.9993000000
24 24 (0) 6 : 0.0000999460 0.0000999460 0.0000999460 0.0052225000 0.0000999460 0.0000999460 0.0000999460 0.9941780000
25 25 (0) 7 : 0.0000999639 0.0000999639 0.1956720000 0.0797855000 0.0677622000 0.0000999639 0.0000999639 0.6563800000
26 26 (0) 7 : 0.0000999550 0.0000999550 0.1186790000 0.1298970000 0.0000999550 0.0000999550 0.0000999550 0.7509240000
27 27 (0) 7 : 0.0000999640 0.0000999640 0.1389970000 0.1093260000 0.0097851200 0.0000999640 0.0000999640 0.7414920000
28 28 (0) 7 : 0.0017839500 0.0000999729 0.2029190000 0.0999323000 0.0823134000 0.0000999729 0.0000999729 0.6127520000
29 29 (0) 8 : 0.0830977000 0.0614533000 0.0000999820 0.0000999820 0.0005937710 0.0074082000 0.0244415000 0.8228060000
30 30 (0) 8 : 0.0310993000 0.0213494000 0.0000999820 0.0000999820 0.0173036000 0.0495938000 0.0267994000 0.8536550000
31 31 (0) 8 : 0.0429372000 0.0261754000 0.0000999692 0.0000999692 0.0000999692 0.0000999692 0.0283695000 0.9021180000
32 32 (0) 8 : 0.0497775000 0.0000999460 0.0000999460 0.0000999460 0.0000999460 0.0000999460 0.0000999460 0.9496230000
33 33 (0) 9 : 0.0000999639 0.0239118000 0.0000999639 0.0000999639 0.0000999639 0.8407190000 0.0032196700 0.1317500000
34 34 (0) 9 : 0.0000999459 0.0000999459 0.0000999459 0.0000999459 0.0000999459 0.9103200000 0.0000999459 0.0890806000
35 35 (0) 9 : 0.0000999459 0.0000999459 0.0000999459 0.0000999459 0.0000999459 0.9021600000 0.0000999459 0.0972403000
36 36 (0) 9 : 0.0000999459 0.0000999459 0.0000999459 0.0000999459 0.0000999459 0.8653510000 0.0000999459 0.1340490000
37 37 (0) 10 : 0.9139210000 0.0097972500 0.0190654000 0.0000999730 0.0055034200 0.0514133000 0.0000999730 0.0000999730
38 38 (0) 10 : 0.9993000000 0.0000999400 0.0000999400 0.0000999400 0.0000999400 0.0000999400 0.0000999400 0.0000999400
39 39 (0) 10 : 0.9294240000 0.0000999730 0.0024750200 0.0477130000 0.0000999730 0.0170027000 0.0000999730 0.0030853500
40 40 (0) 10 : 0.9993000000 0.0000999400 0.0000999400 0.0000999400 0.0000999400 0.0000999400 0.0000999400 0.0000999400
41 41 (0) 11 : 0.3268310000 0.6237770000 0.0000999550 0.0000999550 0.0000999550 0.0000999550 0.0000999550 0.0488921000
42 42 (0) 11 : 0.6808010000 0.1621240000 0.0000999640 0.0000999640 0.0000999640 0.0023708200 0.0000999640 0.1543040000
43 43 (0) 11 : 0.7095220000 0.1540530000 0.0000999640 0.0000999640 0.0000999640 0.0000999640 0.0026885700 0.1333370000
44 44 (0) 11 : 0.4609010000 0.2923230000 0.0169521000 0.0000999910 0.0483821000 0.0245277000 0.0032197500 0.1535940000
45 45 (0) 12 : 0.0000999460 0.9896350000 0.0000999460 0.0000999460 0.0000999460 0.0097654800 0.0000999460 0.0000999460
46 46 (0) 12 : 0.0000999400 0.9993000000 0.0000999400 0.0000999400 0.0000999400 0.0000999400 0.0000999400 0.0000999400
47 47 (0) 12 : 0.0000999400 0.9993000000 0.0000999400 0.0000999400 0.0000999400 0.0000999400 0.0000999400 0.0000999400
48 48 (0) 12 : 0.0000999400 0.9993000000 0.0000999400 0.0000999400 0.0000999400 0.0000999400 0.0000999400 0.0000999400
1 1 (0) 1 : 0.0000999730 0.0034700100 0.0000999730 0.0000999730 0.009500720 0.9524470000 0.0080713100 0.026210900
2 2 (0) 1 : 0.0000999639 0.0000999639 0.0000999639 0.0000999639 0.020730700 0.9417450000 0.0276620000 0.009462760
3 3 (0) 1 : 0.0075889200 0.0000999460 0.0000999460 0.0000999460 0.000099946 0.9918110000 0.0000999460 0.000099946
4 4 (0) 1 : 0.0188624000 0.0000999460 0.0000999460 0.0000999460 0.000099946 0.9805380000 0.0000999460 0.000099946
5 5 (0) 2 : 0.0122886000 0.7630560000 0.0236382000 0.0000999730 0.023288900 0.0000999730 0.0000999730 0.177428000
6 6 (0) 2 : 0.0000999550 0.7631140000 0.0000999550 0.0000999550 0.033746400 0.0000999550 0.0000999550 0.202640000
7 7 (0) 2 : 0.0000999550 0.7976850000 0.0000999550 0.0000999550 0.021285100 0.0000999550 0.0000999550 0.180530000
8 8 (0) 2 : 0.0000999639 0.7790710000 0.0179915000 0.0000999639 0.024963200 0.0000999639 0.0000999639 0.177574000
9 9 (0) 3 : 0.0000999400 0.0000999400 0.0000999400 0.0000999400 0.000099940 0.0000999400 0.0000999400 0.999300000
10 10 (0) 3 : 0.0000999400 0.0000999400 0.0000999400 0.0000999400 0.000099940 0.0000999400 0.0000999400 0.999300000
11 11 (0) 3 : 0.0000999400 0.0000999400 0.0000999400 0.0000999400 0.000099940 0.0000999400 0.0000999400 0.999300000
12 12 (0) 3 : 0.0452649000 0.0424147000 0.0000999910 0.0321957000 0.007150770 0.0622422000 0.0395852000 0.771047000
13 13 (0) 4 : 0.0000999550 0.7233710000 0.0000999550 0.0000999550 0.000099955 0.1144590000 0.1616700000 0.000099955
14 14 (0) 4 : 0.0000999400 0.9993000000 0.0000999400 0.0000999400 0.000099940 0.0000999400 0.0000999400 0.000099940
15 15 (0) 4 : 0.0000999550 0.9357520000 0.0000999550 0.0123937000 0.000099955 0.0513547000 0.0000999550 0.000099955
16 16 (0) 4 : 0.0000999400 0.9993000000 0.0000999400 0.0000999400 0.000099940 0.0000999400 0.0000999400 0.000099940
17 17 (0) 5 : 0.0000999460 0.0000999460 0.0000999460 0.0047357300 0.994665000 0.0000999460 0.0000999460 0.000099946
18 18 (0) 5 : 0.0000999400 0.0000999400 0.0000999400 0.0000999400 0.999300000 0.0000999400 0.0000999400 0.000099940
19 19 (0) 5 : 0.0000999400 0.0000999400 0.0000999400 0.0000999400 0.999300000 0.0000999400 0.0000999400 0.000099940
20 20 (0) 5 : 0.0097999700 0.0000999640 0.0044718200 0.0000999640 0.973001000 0.0000999640 0.0123270000 0.000099964
21 21 (0) 6 : 0.0000999600 0.0000999600 0.0109429000 0.9517060000 0.005826970 0.0000999600 0.0311243000 0.000099960
22 22 (0) 6 : 0.0000999550 0.0000999550 0.0000999550 0.9734430000 0.023221600 0.0000999550 0.0028357400 0.000099955
23 23 (0) 6 : 0.0000999400 0.0000999400 0.0000999400 0.9993000000 0.000099940 0.0000999400 0.0000999400 0.000099940
24 24 (0) 6 : 0.0000999460 0.0000999460 0.0000999460 0.9964760000 0.000099946 0.0000999460 0.0029241200 0.000099946
25 25 (0) 7 : 0.0000999700 0.0104097000 0.0000999700 0.6721190000 0.064461800 0.0592622000 0.0000999700 0.193447000
26 26 (0) 7 : 0.0031528100 0.0000999600 0.0000999600 0.7390040000 0.000099960 0.1426360000 0.0000999600 0.114808000
27 27 (0) 7 : 0.0000999600 0.0000999600 0.0000999600 0.7336330000 0.006675540 0.1261370000 0.0000999600 0.133154000
28 28 (0) 7 : 0.0000999729 0.0000999729 0.0113624000 0.6304000000 0.077748300 0.0744957000 0.0000999729 0.205693000
29 29 (0) 8 : 0.0801341000 0.0067019800 0.0687840000 0.8390080000 0.000099973 0.0000999730 0.0050716800 0.000099973
30 30 (0) 8 : 0.0178566000 0.0000999730 0.0332435000 0.8398050000 0.002396130 0.0000999730 0.1063990000 0.000099973
31 31 (0) 8 : 0.0456146000 0.0077759900 0.0068813000 0.9393280000 0.000099964 0.0000999640 0.0000999640 0.000099964
32 32 (0) 8 : 0.0296118000 0.0000999460 0.0000999460 0.9697880000 0.000099946 0.0000999460 0.0000999460 0.000099946
33 33 (0) 9 : 0.0000999550 0.0000999550 0.0220331000 0.0000999550 0.005786190 0.0000999550 0.9716810000 0.000099955
34 34 (0) 9 : 0.0000999400 0.0000999400 0.0000999400 0.0000999400 0.000099940 0.0000999400 0.9993000000 0.000099940
35 35 (0) 9 : 0.0000999400 0.0000999400 0.0000999400 0.0000999400 0.000099940 0.0000999400 0.9993000000 0.000099940
36 36 (0) 9 : 0.0000999700 0.0000999700 0.0055621300 0.0057454100 0.000099970 0.0037759800 0.9741660000 0.010450800
37 37 (0) 10 : 0.9041700000 0.0000999738 0.0000999738 0.0196696000 0.013006300 0.0000999738 0.0332105000 0.029643300
38 38 (0) 10 : 0.9993000000 0.0000999400 0.0000999400 0.0000999400 0.000099940 0.0000999400 0.0000999400 0.000099940
39 39 (0) 10 : 0.9136490000 0.0114905000 0.0000999910 0.0189208000 0.004019060 0.0320604000 0.0084020600 0.011358500
40 40 (0) 10 : 0.9993000000 0.0000999400 0.0000999400 0.0000999400 0.000099940 0.0000999400 0.0000999400 0.000099940
41 41 (0) 11 : 0.3401390000 0.0000999550 0.6091860000 0.0501757000 0.000099955 0.0000999550 0.0000999550 0.000099955
42 42 (0) 11 : 0.6967670000 0.0000999550 0.1535340000 0.1492000000 0.000099955 0.0000999550 0.0000999550 0.000099955
43 43 (0) 11 : 0.6977080000 0.0021363900 0.1581710000 0.1355250000 0.000099970 0.0000999700 0.0061594200 0.000099970
44 44 (0) 11 : 0.4705490000 0.0011963500 0.2770130000 0.1680640000 0.025426300 0.0000999910 0.0355456000 0.022105900
45 45 (0) 12 : 0.0000999460 0.0000999460 0.9978140000 0.0000999460 0.000099946 0.0000999460 0.0015864300 0.000099946
46 46 (0) 12 : 0.0000999400 0.0000999400 0.9993000000 0.0000999400 0.000099940 0.0000999400 0.0000999400 0.000099940
47 47 (0) 12 : 0.0000999400 0.0000999400 0.9993000000 0.0000999400 0.000099940 0.0000999400 0.0000999400 0.000099940
48 48 (0) 12 : 0.0000999400 0.0000999400 0.9993000000 0.0000999400 0.000099940 0.0000999400 0.0000999400 0.000099940
1 1 (0) 1 : 0.0245232000 0.0247489000 0.0077855300 0.0000999730 0.0000999730 0.0000999730 0.0166038000 0.926039000
2 2 (0) 1 : 0.0161055000 0.0335821000 0.0121264000 0.0000999730 0.0000999730 0.0000999730 0.0113053000 0.926581000
3 3 (0) 1 : 0.0000999400 0.0000999400 0.0000999400 0.0000999400 0.0000999400 0.0000999400 0.0000999400 0.999300000
4 4 (0) 1 : 0.0000999460 0.0000999460 0.0000999460 0.0000999460 0.0000999460 0.0250566000 0.0000999460 0.974344000
5 5 (0) 2 : 0.0218691000 0.7713090000 0.0000999730 0.0140557000 0.0000999730 0.0130781000 0.1793880000 0.000099973
6 6 (0) 2 : 0.0182329000 0.7563460000 0.0000999550 0.0000999550 0.0000999550 0.0000999550 0.2249210000 0.000099955
7 7 (0) 2 : 0.0084261100 0.7660790000 0.0000999640 0.0000999640 0.0011300800 0.0000999640 0.2239650000 0.000099964
8 8 (0) 2 : 0.0245326000 0.7761010000 0.0000999730 0.0135981000 0.0000999730 0.0114169000 0.1740520000 0.000099973
9 9 (0) 3 : 0.0000999400 0.0000999400 0.0000999400 0.0000999400 0.0000999400 0.0000999400 0.9993000000 0.000099940
10 10 (0) 3 : 0.0000999400 0.0000999400 0.0000999400 0.0000999400 0.0000999400 0.0000999400 0.9993000000 0.000099940
11 11 (0) 3 : 0.0000999400 0.0000999400 0.0000999400 0.0000999400 0.0000999400 0.0000999400 0.9993000000 0.000099940
12 12 (0) 3 : 0.0187654000 0.0419645000 0.0558533000 0.0009207040 0.0245293000 0.0380954000 0.7718890000 0.047982500
13 13 (0) 4 : 0.0000999549 0.7204300000 0.1665280000 0.0000999549 0.0000999549 0.0000999549 0.0000999549 0.112542000
14 14 (0) 4 : 0.0000999400 0.9993000000 0.0000999400 0.0000999400 0.0000999400 0.0000999400 0.0000999400 0.000099940
15 15 (0) 4 : 0.0000999640 0.9196230000 0.0000999640 0.0000999640 0.0134422000 0.0023552000 0.0000999640 0.064179500
16 16 (0) 4 : 0.0000999400 0.9993000000 0.0000999400 0.0000999400 0.0000999400 0.0000999400 0.0000999400 0.000099940
17 17 (0) 5 : 0.9993000000 0.0000999400 0.0000999400 0.0000999400 0.0000999400 0.0000999400 0.0000999400 0.000099940
18 18 (0) 5 : 0.9993000000 0.0000999400 0.0000999400 0.0000999400 0.0000999400 0.0000999400 0.0000999400 0.000099940
19 19 (0) 5 : 0.9993000000 0.0000999400 0.0000999400 0.0000999400 0.0000999400 0.0000999400 0.0000999400 0.000099940
20 20 (0) 5 : 0.9796590000 0.0000999640 0.0050148700 0.0016543100 0.0000999640 0.0132721000 0.0000999640 0.000099964
21 21 (0) 6 : 0.0147429000 0.0000999820 0.0339211000 0.0060356000 0.9324510000 0.0049249400 0.0000999820 0.007724580
22 22 (0) 6 : 0.0050929100 0.0000999550 0.0101158000 0.0000999550 0.9842910000 0.0000999550 0.0000999550 0.000099955
23 23 (0) 6 : 0.0000999400 0.0000999400 0.0000999400 0.0000999400 0.9993000000 0.0000999400 0.0000999400 0.000099940
24 24 (0) 6 : 0.0000999460 0.0000999460 0.0203089000 0.0000999460 0.9790910000 0.0000999460 0.0000999460 0.000099946
25 25 (0) 7 : 0.0565662000 0.0000999639 0.0000999639 0.0000999639 0.6503760000 0.0000999639 0.2023670000 0.090290700
26 26 (0) 7 : 0.0068420700 0.0000999640 0.0000999640 0.0000999640 0.7472500000 0.0000999640 0.1156130000 0.129894000
27 27 (0) 7 : 0.0058261500 0.0000999640 0.0000999640 0.0000999640 0.7696980000 0.0000999640 0.1332230000 0.090852800
28 28 (0) 7 : 0.0615680000 0.0000999700 0.0000999700 0.0055748000 0.6259370000 0.0000999700 0.2089160000 0.097704300
29 29 (0) 8 : 0.0010142000 0.0201446000 0.0000999730 0.0803938000 0.8219080000 0.0762397000 0.0000999730 0.000099973
30 30 (0) 8 : 0.0118573000 0.0000999730 0.1067750000 0.0213450000 0.8326600000 0.0270628000 0.0000999730 0.000099973
31 31 (0) 8 : 0.0000999640 0.0113361000 0.0000999640 0.0057440200 0.9292550000 0.0532649000 0.0000999640 0.000099964
32 32 (0) 8 : 0.0000999460 0.0000999460 0.0000999460 0.0000999460 0.9537780000 0.0456225000 0.0000999460 0.000099946
33 33 (0) 9 : 0.0000999550 0.0000999550 0.9696430000 0.0187607000 0.0110971000 0.0000999550 0.0000999550 0.000099955
34 34 (0) 9 : 0.0000999400 0.0000999400 0.9993000000 0.0000999400 0.0000999400 0.0000999400 0.0000999400 0.000099940
35 35 (0) 9 : 0.0000999460 0.0000999460 0.9953410000 0.0000999460 0.0000999460 0.0000999460 0.0000999460 0.004059520
36 36 (0) 9 : 0.0000999640 0.0000999640 0.9749680000 0.0000999640 0.0038379500 0.0000999640 0.0095763800 0.011217800
37 37 (0) 10 : 0.0237431000 0.0175392000 0.0228376000 0.0304944000 0.0000999910 0.8814830000 0.0149213000 0.008881260
38 38 (0) 10 : 0.0000999400 0.0000999400 0.0000999400 0.0000999400 0.0000999400 0.9993000000 0.0000999400 0.000099940
39 39 (0) 10 : 0.0143497000 0.0270237000 0.0107374000 0.0000999910 0.0168276000 0.9214010000 0.0042444600 0.005316330
40 40 (0) 10 : 0.0000999400 0.0000999400 0.0000999400 0.0000999400 0.0000999400 0.9993000000 0.0000999400 0.000099940
41 41 (0) 11 : 0.0000999550 0.0000999550 0.0000999550 0.6305520000 0.0481934000 0.3207540000 0.0000999550 0.000099955
42 42 (0) 11 : 0.0000999500 0.0000999500 0.0000999500 0.1651140000 0.1370240000 0.6973620000 0.0000999500 0.000099950
43 43 (0) 11 : 0.0000999639 0.0000999639 0.0000999639 0.1469840000 0.1521280000 0.6964010000 0.0000999639 0.004087010
44 44 (0) 11 : 0.0320146000 0.0109474000 0.0286446000 0.2928950000 0.1420460000 0.4703670000 0.0229857000 0.000099991
45 45 (0) 12 : 0.0000999400 0.0000999400 0.0000999400 0.9993000000 0.0000999400 0.0000999400 0.0000999400 0.000099940
46 46 (0) 12 : 0.0000999400 0.0000999400 0.0000999400 0.9993000000 0.0000999400 0.0000999400 0.0000999400 0.000099940
47 47 (0) 12 : 0.0000999400 0.0000999400 0.0000999400 0.9993000000 0.0000999400 0.0000999400 0.0000999400 0.000099940
48 48 (0) 12 : 0.0000999400 0.0000999400 0.0000999400 0.9993000000 0.0000999400 0.0000999400 0.0000999400 0.000099940
1 1 (0) 1 : 0.9398160000 0.0292870000 0.0145641000 0.0000999639 0.0000999639 0.0000999639 0.0159331000 0.0000999639
2 2 (0) 1 : 0.9369000000 0.0269897000 0.0134204000 0.0000999639 0.0000999639 0.0000999639 0.0222902000 0.0000999639
3 3 (0) 1 : 0.9879150000 0.0000999460 0.0000999460 0.0000999460 0.0000999460 0.0000999460 0.0000999460 0.0114855000
4 4 (0) 1 : 0.9839900000 0.0000999550 0.0000999550 0.0000999550 0.0041622100 0.0000999550 0.0000999550 0.0113475000
5 5 (0) 2 : 0.1548870000 0.0660654000 0.3485870000 0.0000999730 0.0000999730 0.4127710000 0.0173902000 0.0000999730
6 6 (0) 2 : 0.1759410000 0.0284900000 0.3909080000 0.0000999640 0.0000999640 0.4042620000 0.0000999640 0.0000999640
7 7 (0) 2 : 0.1572520000 0.0570236000 0.3676950000 0.0000999730 0.0000999730 0.4153650000 0.0023637800 0.0000999730
8 8 (0) 2 : 0.1199910000 0.0810190000 0.3453760000 0.0000999729 0.0000999729 0.4438750000 0.0094387100 0.0000999729
9 9 (0) 3 : 0.0000999400 0.0000999400 0.9993000000 0.0000999400 0.0000999400 0.0000999400 0.0000999400 0.0000999400
10 10 (0) 3 : 0.0000999400 0.0000999400 0.9993000000 0.0000999400 0.0000999400 0.0000999400 0.0000999400 0.0000999400
11 11 (0) 3 : 0.0000999400 0.0000999400 0.9993000000 0.0000999400 0.0000999400 0.0000999400 0.0000999400 0.0000999400
12 12 (0) 3 : 0.0276498000 0.0433741000 0.8096200000 0.0615309000 0.0000999820 0.0000999820 0.0219669000 0.0356582000
13 13 (0) 4 : 0.1246470000 0.6535810000 0.0313750000 0.0000999730 0.0000999730 0.1752120000 0.0148850000 0.0000999730
14 14 (0) 4 : 0.0000999400 0.9993000000 0.0000999400 0.0000999400 0.0000999400 0.0000999400 0.0000999400 0.0000999400
15 15 (0) 4 : 0.0645891000 0.9159770000 0.0000999550 0.0189338000 0.0000999550 0.0000999550 0.0000999550 0.0000999550
16 16 (0) 4 : 0.0000999400 0.9993000000 0.0000999400 0.0000999400 0.0000999400 0.0000999400 0.0000999400 0.0000999400
17 17 (0) 5 : 0.0000999400 0.0000999400 0.0000999400 0.0000999400 0.0000999400 0.0000999400 0.9993000000 0.0000999400
18 18 (0) 5 : 0.0000999460 0.0027923400 0.0000999460 0.0000999460 0.0000999460 0.0000999460 0.9966080000 0.0000999460
19 19 (0) 5 : 0.0000999400 0.0000999400 0.0000999400 0.0000999400 0.0000999400 0.0000999400 0.9993000000 0.0000999400
20 20 (0) 5 : 0.0000999460 0.0000999460 0.0000999460 0.0000999460 0.0000999460 0.0182510000 0.9811490000 0.0000999460
21 21 (0) 6 : 0.0018393600 0.0000999730 0.0000999730 0.9529030000 0.0129355000 0.0270026000 0.0050194300 0.0000999730
22 22 (0) 6 : 0.0000999460 0.0000999460 0.0000999460 0.9949470000 0.0000999460 0.0000999460 0.0044535700 0.0000999460
23 23 (0) 6 : 0.0000999400 0.0000999400 0.0000999400 0.9993000000 0.0000999400 0.0000999400 0.0000999400 0.0000999400
24 24 (0) 6 : 0.0217303000 0.0000999460 0.0000999460 0.9776700000 0.0000999460 0.0000999460 0.0000999460 0.0000999460
25 25 (0) 7 : 0.0548923000 0.0000999639 0.2108460000 0.6744080000 0.0000999639 0.0000999639 0.0594539000 0.0000999639
26 26 (0) 7 : 0.1374880000 0.0000999550 0.1156720000 0.7463410000 0.0000999550 0.0000999550 0.0000999550 0.0000999550
27 27 (0) 7 : 0.1157260000 0.0000999550 0.1366420000 0.7471320000 0.0000999550 0.0000999550 0.0000999550 0.0000999550
28 28 (0) 7 : 0.0685932000 0.0000999639 0.2144800000 0.6426490000 0.0000999639 0.0000999639 0.0738775000 0.0000999639
29 29 (0) 8 : 0.0000999800 0.0129188000 0.0000999800 0.8002580000 0.0676197000 0.0293223000 0.0016832400 0.0879980000
30 30 (0) 8 : 0.0000999800 0.0134852000 0.0000999800 0.8430750000 0.0150375000 0.0920487000 0.0098470000 0.0263063000
31 31 (0) 8 : 0.0000999550 0.0351855000 0.0000999550 0.9236470000 0.0000999550 0.0000999550 0.0000999550 0.0406678000
32 32 (0) 8 : 0.0000999550 0.0060433500 0.0000999550 0.9443780000 0.0000999550 0.0000999550 0.0000999550 0.0490788000
33 33 (0) 9 : 0.0000999549 0.0000999549 0.0000999549 0.0307805000 0.0178412000 0.9508790000 0.0000999549 0.0000999549
34 34 (0) 9 : 0.0000999400 0.0000999400 0.0000999400 0.0000999400 0.0000999400 0.9993000000 0.0000999400 0.0000999400
35 35 (0) 9 : 0.0000999459 0.0000999459 0.0000999459 0.0002012750 0.0000999459 0.9991990000 0.0000999459 0.0000999459
36 36 (0) 9 : 0.0000999459 0.0000999459 0.0000999459 0.0257180000 0.0000999459 0.9736820000 0.0000999459 0.0000999459
37 37 (0) 10 : 0.0000999820 0.0000999820 0.0245568000 0.0007573110 0.0109698000 0.0082632600 0.0357112000 0.9195420000
38 38 (0) 10 : 0.0000999400 0.0000999400 0.0000999400 0.0000999400 0.0000999400 0.0000999400 0.0000999400 0.9993000000
39 39 (0) 10 : 0.0315254000 0.0195510000 0.0000999730 0.0360045000 0.0000999730 0.0029652800 0.0000999730 0.9096540000
40 40 (0) 10 : 0.0000999400 0.0000999400 0.0000999400 0.0000999400 0.0000999400 0.0000999400 0.0000999400 0.9993000000
41 41 (0) 11 : 0.0000999550 0.0000999550 0.0000999550 0.0488149000 0.6400390000 0.0000999550 0.0000999550 0.3106470000
42 42 (0) 11 : 0.0000999550 0.0000999550 0.0000999550 0.1312170000 0.1763930000 0.0000999550 0.0000999550 0.6918900000
43 43 (0) 11 : 0.0000999640 0.0074657700 0.0000999640 0.1318980000 0.1529730000 0.0000999640 0.0000999640 0.7072640000
44 44 (0) 11 : 0.0000999820 0.0000999820 0.0329287000 0.1756820000 0.2896630000 0.0365585000 0.0267192000 0.4382490000
45 45 (0) 12 : 0.0000999459 0.0000999459 0.0000999459 0.0000999459 0.9952560000 0.0041440300 0.0000999459 0.0000999459
46 46 (0) 12 : 0.0000999400 0.0000999400 0.0000999400 0.0000999400 0.9993000000 0.0000999400 0.0000999400 0.0000999400
47 47 (0) 12 : 0.0000999400 0.0000999400 0.0000999400 0.0000999400 0.9993000000 0.0000999400 0.0000999400 0.0000999400
48 48 (0) 12 : 0.0000999400 0.0000999400 0.0000999400 0.0000999400 0.9993000000 0.0000999400 0.0000999400 0.0000999400
1 1 (0) 1 : 0.0379389000 0.000099973 0.000099973 0.000099973 0.0318434000 0.0050340700 0.0210670000 0.9038170000
2 2 (0) 1 : 0.0265350000 0.000099973 0.000099973 0.000099973 0.0222151000 0.0061898100 0.0160792000 0.9286810000
3 3 (0) 1 : 0.0000999400 0.000099940 0.000099940 0.000099940 0.0000999400 0.0000999400 0.0000999400 0.9993000000
4 4 (0) 1 : 0.0000999460 0.000099946 0.000099946 0.002756190 0.0000999460 0.0000999460 0.0000999460 0.9966440000
5 5 (0) 2 : 0.1707170000 0.017583700 0.000099973 0.004328010 0.7798540000 0.0000999730 0.0272178000 0.0000999730
6 6 (0) 2 : 0.2179680000 0.000099955 0.000099955 0.000099955 0.7379910000 0.0000999550 0.0435410000 0.0000999550
7 7 (0) 2 : 0.2060580000 0.000147508 0.000099964 0.000099964 0.7776270000 0.0000999640 0.0157676000 0.0000999640
8 8 (0) 2 : 0.1559650000 0.032100200 0.000099973 0.000099973 0.7791840000 0.0020824300 0.0303683000 0.0000999730
9 9 (0) 3 : 0.9993000000 0.000099940 0.000099940 0.000099940 0.0000999400 0.0000999400 0.0000999400 0.0000999400
10 10 (0) 3 : 0.9993000000 0.000099940 0.000099940 0.000099940 0.0000999400 0.0000999400 0.0000999400 0.0000999400
11 11 (0) 3 : 0.9993000000 0.000099940 0.000099940 0.000099940 0.0000999400 0.0000999400 0.0000999400 0.0000999400
12 12 (0) 3 : 0.7857170000 0.000099991 0.044720700 0.024883800 0.0498788000 0.0326324000 0.0208562000 0.0412112000
13 13 (0) 4 : 0.0000999550 0.000099955 0.000099955 0.000099955 0.7513260000 0.1290440000 0.0000999550 0.1191290000
14 14 (0) 4 : 0.0000999400 0.000099940 0.000099940 0.000099940 0.9993000000 0.0000999400 0.0000999400 0.0000999400
15 15 (0) 4 : 0.0000999550 0.000099955 0.020754600 0.000099955 0.9487910000 0.0000999550 0.0000999550 0.0299549000
16 16 (0) 4 : 0.0000999400 0.000099940 0.000099940 0.000099940 0.9993000000 0.0000999400 0.0000999400 0.0000999400
17 17 (0) 5 : 0.0000999400 0.000099940 0.000099940 0.000099940 0.0000999400 0.0000999400 0.9993000000 0.0000999400
18 18 (0) 5 : 0.0000999460 0.000099946 0.000099946 0.000099946 0.0000999460 0.0058320300 0.9935680000 0.0000999460
19 19 (0) 5 : 0.0000999400 0.000099940 0.000099940 0.000099940 0.0000999400 0.0000999400 0.9993000000 0.0000999400
20 20 (0) 5 : 0.0000999550 0.000099955 0.000099955 0.011606400 0.0000999550 0.0064675600 0.9814260000 0.0000999550
21 21 (0) 6 : 0.0000999730 0.004834240 0.938743000 0.000099973 0.0000999730 0.0257884000 0.0210954000 0.0092389600
22 22 (0) 6 : 0.0000999640 0.000695305 0.984025000 0.000099964 0.0000999640 0.0029965800 0.0118830000 0.0000999640
23 23 (0) 6 : 0.0000999460 0.000099946 0.997462000 0.000099946 0.0000999460 0.0019380200 0.0000999460 0.0000999460
24 24 (0) 6 : 0.0000999550 0.000099955 0.986510000 0.000099955 0.0000999550 0.0113696000 0.0000999550 0.0016209100
25 25 (0) 7 : 0.1967060000 0.000099973 0.687605000 0.000099973 0.0092648500 0.0000999730 0.0515460000 0.0545781000
26 26 (0) 7 : 0.1040020000 0.000099955 0.742929000 0.000099955 0.0000999550 0.0000999550 0.0000999550 0.1525680000
27 27 (0) 7 : 0.1173990000 0.000099964 0.737800000 0.000099964 0.0000999640 0.0000999640 0.0151827000 0.1292190000
28 28 (0) 7 : 0.2101430000 0.000099973 0.634149000 0.003651450 0.0000999730 0.0000999730 0.0778916000 0.0738645000
29 29 (0) 8 : 0.0000999640 0.054741400 0.841031000 0.091672000 0.0121559000 0.0000999640 0.0000999640 0.0000999640
30 30 (0) 8 : 0.0000999738 0.003755130 0.863313000 0.044797200 0.0000999738 0.0786081000 0.0092266900 0.0000999738
31 31 (0) 8 : 0.0000999550 0.002095570 0.951110000 0.046295200 0.0000999550 0.0000999550 0.0000999550 0.0000999550
32 32 (0) 8 : 0.0000999460 0.000099946 0.965504000 0.033896500 0.0000999460 0.0000999460 0.0000999460 0.0000999460
33 33 (0) 9 : 0.0000999730 0.016226900 0.009685260 0.001185550 0.0000999730 0.9696020000 0.0030005200 0.0000999730
34 34 (0) 9 : 0.0000999400 0.000099940 0.000099940 0.000099940 0.0000999400 0.9993000000 0.0000999400 0.0000999400
35 35 (0) 9 : 0.0000999400 0.000099940 0.000099940 0.000099940 0.0000999400 0.9993000000 0.0000999400 0.0000999400
36 36 (0) 9 : 0.0121295000 0.008160240 0.000099973 0.000099973 0.0158678000 0.9566360000 0.0000999730 0.0069063500
37 37 (0) 10 : 0.0189229000 0.008771170 0.006269260 0.913341000 0.0162874000 0.0129290000 0.0222839000 0.0011954800
38 38 (0) 10 : 0.0000999400 0.000099940 0.000099940 0.999300000 0.0000999400 0.0000999400 0.0000999400 0.0000999400
39 39 (0) 10 : 0.0238500000 0.000099991 0.012015100 0.937271000 0.0161450000 0.0005229050 0.0006502230 0.0094455600
40 40 (0) 10 : 0.0000999400 0.000099940 0.000099940 0.999300000 0.0000999400 0.0000999400 0.0000999400 0.0000999400
41 41 (0) 11 : 0.0000999550 0.636201000 0.030320400 0.332978000 0.0000999550 0.0000999550 0.0000999550 0.0000999550
42 42 (0) 11 : 0.0000999640 0.151005000 0.135277000 0.711180000 0.0000999640 0.0021385600 0.0000999640 0.0000999640
43 43 (0) 11 : 0.0000999549 0.132877000 0.142851000 0.723771000 0.0000999549 0.0000999549 0.0000999549 0.0000999549
44 44 (0) 11 : 0.0206653000 0.281204000 0.141696000 0.480034000 0.0000999820 0.0519681000 0.0242325000 0.0000999820
45 45 (0) 12 : 0.0000999550 0.988232000 0.000099955 0.000099955 0.0078714900 0.0033964100 0.0000999550 0.0000999550
46 46 (0) 12 : 0.0000999400 0.999300000 0.000099940 0.000099940 0.0000999400 0.0000999400 0.0000999400 0.0000999400
47 47 (0) 12 : 0.0000999400 0.999300000 0.000099940 0.000099940 0.0000999400 0.0000999400 0.0000999400 0.0000999400
48 48 (0) 12 : 0.0000999400 0.999300000 0.000099940 0.000099940 0.0000999400 0.0000999400 0.0000999400 0.0000999400
1 1 (0) 1 : 0.0000999730 0.0000999730 0.0255701000 0.0000999730 0.9313030000 0.0036862600 0.0140415000 0.0250988000
2 2 (0) 1 : 0.0000999700 0.0000999700 0.0194386000 0.0000999700 0.9199170000 0.0199381000 0.0198598000 0.0205467000
3 3 (0) 1 : 0.0000999460 0.0000999460 0.0000999460 0.0041333000 0.9952670000 0.0000999460 0.0000999460 0.0000999460
4 4 (0) 1 : 0.0031645200 0.0000999550 0.0000999550 0.0120849000 0.9842510000 0.0000999550 0.0000999550 0.0000999550
5 5 (0) 2 : 0.0285195000 0.0000999639 0.8034550000 0.0000999639 0.0000999639 0.0268119000 0.0000999639 0.1408140000
6 6 (0) 2 : 0.0040886800 0.0000999640 0.7585620000 0.0000999640 0.0000999640 0.0298824000 0.0000999640 0.2070670000
7 7 (0) 2 : 0.0000999550 0.0000999550 0.7853730000 0.0000999550 0.0000999550 0.0197256000 0.0000999550 0.1944020000
8 8 (0) 2 : 0.0177511000 0.0000999639 0.8026710000 0.0000999639 0.0000999639 0.0229211000 0.0000999639 0.1562570000
9 9 (0) 3 : 0.0000999400 0.0000999400 0.0000999400 0.0000999400 0.0000999400 0.0000999400 0.0000999400 0.9993000000
10 10 (0) 3 : 0.0000999400 0.0000999400 0.0000999400 0.0000999400 0.0000999400 0.0000999400 0.0000999400 0.9993000000
11 11 (0) 3 : 0.0000999400 0.0000999400 0.0000999400 0.0000999400 0.0000999400 0.0000999400 0.0000999400 0.9993000000
12 12 (0) 3 : 0.0000999910 0.0230069000 0.0503780000 0.0519180000 0.0346571000 0.0213030000 0.0262392000 0.7923980000
13 13 (0) 4 : 0.0000999549 0.0000999549 0.6957580000 0.0000999549 0.1246760000 0.0000999549 0.1790650000 0.0000999549
14 14 (0) 4 : 0.0000999400 0.0000999400 0.9993000000 0.0000999400 0.0000999400 0.0000999400 0.0000999400 0.0000999400
15 15 (0) 4 : 0.0000999550 0.0000999550 0.8874310000 0.0000999550 0.0933277000 0.0000999550 0.0187413000 0.0000999550
16 16 (0) 4 : 0.0000999400 0.0000999400 0.9993000000 0.0000999400 0.0000999400 0.0000999400 0.0000999400 0.0000999400
17 17 (0) 5 : 0.0000999400 0.0000999400 0.0000999400 0.0000999400 0.0000999400 0.9993000000 0.0000999400 0.0000999400
18 18 (0) 5 : 0.0000999400 0.0000999400 0.0000999400 0.0000999400 0.0000999400 0.9993000000 0.0000999400 0.0000999400
19 19 (0) 5 : 0.0008531980 0.0000999460 0.0000999460 0.0000999460 0.0000999460 0.9985470000 0.0000999460 0.0000999460
20 20 (0) 5 : 0.0000999640 0.0000999640 0.0000999640 0.0001382040 0.0053948600 0.9775270000 0.0165397000 0.0000999640
21 21 (0) 6 : 0.0049084900 0.9510270000 0.0000999639 0.0000999639 0.0000999639 0.0162252000 0.0274396000 0.0000999639
22 22 (0) 6 : 0.0040759300 0.9821680000 0.0000999640 0.0000999640 0.0000999640 0.0082298200 0.0051267500 0.0000999640
23 23 (0) 6 : 0.0000999400 0.9993000000 0.0000999400 0.0000999400 0.0000999400 0.0000999400 0.0000999400 0.0000999400
24 24 (0) 6 : 0.0000999550 0.9934680000 0.0000999550 0.0000999550 0.0005921890 0.0000999550 0.0054397600 0.0000999550
25 25 (0) 7 : 0.0000999730 0.6451280000 0.0094340300 0.0000999730 0.0683815000 0.0727311000 0.0000999730 0.2040250000
26 26 (0) 7 : 0.0000999550 0.7521360000 0.0000999550 0.0000999550 0.1300400000 0.0000999550 0.0000999550 0.1173240000
27 27 (0) 7 : 0.0000999700 0.7444110000 0.0000999700 0.0024716000 0.0968721000 0.0120173000 0.0000999700 0.1439280000
28 28 (0) 7 : 0.0154368000 0.6174210000 0.0042729600 0.0000999820 0.0691136000 0.0889553000 0.0000999820 0.2046000000
29 29 (0) 8 : 0.0610191000 0.8154290000 0.0374073000 0.0857443000 0.0000999640 0.0000999640 0.0000999640 0.0000999640
30 30 (0) 8 : 0.0307581000 0.8283430000 0.0000999730 0.0186604000 0.0000999730 0.0014171200 0.1205220000 0.0000999730
31 31 (0) 8 : 0.0000999460 0.9454380000 0.0000999460 0.0539626000 0.0000999460 0.0000999460 0.0000999460 0.0000999460
32 32 (0) 8 : 0.0000999460 0.9612830000 0.0000999460 0.0381169000 0.0000999460 0.0000999460 0.0000999460 0.0000999460
33 33 (0) 9 : 0.0207764000 0.0010556000 0.0000999640 0.0000999640 0.0000999640 0.0099414200 0.9678270000 0.0000999640
34 34 (0) 9 : 0.0000999400 0.0000999400 0.0000999400 0.0000999400 0.0000999400 0.0000999400 0.9993000000 0.0000999400
35 35 (0) 9 : 0.0000999400 0.0000999400 0.0000999400 0.0000999400 0.0000999400 0.0000999400 0.9993000000 0.0000999400
36 36 (0) 9 : 0.0137342000 0.0050406900 0.0024162000 0.0000999730 0.0000999730 0.0000999730 0.9736650000 0.0048435700
37 37 (0) 10 : 0.0131955000 0.0247705000 0.0136656000 0.8684720000 0.0000999900 0.0225245000 0.0242792000 0.0329928000
38 38 (0) 10 : 0.0000999400 0.0000999400 0.0000999400 0.9993000000 0.0000999400 0.0000999400 0.0000999400 0.0000999400
39 39 (0) 10 : 0.0034137800 0.0240897000 0.0183625000 0.9235760000 0.0302582000 0.0000999730 0.0000999730 0.0000999730
40 40 (0) 10 : 0.0000999400 0.0000999400 0.0000999400 0.9993000000 0.0000999400 0.0000999400 0.0000999400 0.0000999400
41 41 (0) 11 : 0.5949570000 0.0572045000 0.0000999550 0.3473390000 0.0000999550 0.0000999550 0.0000999550 0.0000999550
42 42 (0) 11 : 0.1440350000 0.1494280000 0.0000999550 0.7060370000 0.0000999550 0.0000999550 0.0000999550 0.0000999550
43 43 (0) 11 : 0.1293670000 0.1543260000 0.0000999640 0.7148470000 0.0010596300 0.0000999640 0.0000999640 0.0000999640
44 44 (0) 11 : 0.2948130000 0.1369690000 0.0000999820 0.4757770000 0.0000999820 0.0256098000 0.0418984000 0.0247329000
45 45 (0) 12 : 0.9993000000 0.0000999400 0.0000999400 0.0000999400 0.0000999400 0.0000999400 0.0000999400 0.0000999400
46 46 (0) 12 : 0.9993000000 0.0000999400 0.0000999400 0.0000999400 0.0000999400 0.0000999400 0.0000999400 0.0000999400
47 47 (0) 12 : 0.9993000000 0.0000999400 0.0000999400 0.0000999400 0.0000999400 0.0000999400 0.0000999400 0.0000999400
48 48 (0) 12 : 0.9993000000 0.0000999400 0.0000999400 0.0000999400 0.0000999400 0.0000999400 0.0000999400 0.0000999400
1 1 (0) 1 : 0.0342600000 0.0500267000 0.0000999639 0.0000999639 0.0166725000 0.8986410000 0.0000999639 0.0000999639
2 2 (0) 1 : 0.0159216000 0.0450641000 0.0000999820 0.0029087700 0.0135389000 0.9215910000 0.0000999820 0.0007756860
3 3 (0) 1 : 0.0000999400 0.0000999400 0.0000999400 0.0000999400 0.0000999400 0.9993000000 0.0000999400 0.0000999400
4 4 (0) 1 : 0.0000999460 0.0000999460 0.0000999460 0.0000999460 0.0000999460 0.9924050000 0.0069955200 0.0000999460
5 5 (0) 2 : 0.3385070000 0.0210889000 0.0000999729 0.4741560000 0.0049774200 0.1609710000 0.0000999729 0.0000999729
6 6 (0) 2 : 0.3935550000 0.0233753000 0.0000999639 0.4478240000 0.0000999639 0.1348470000 0.0000999639 0.0000999639
7 7 (0) 2 : 0.3642080000 0.0323429000 0.0000999730 0.4621690000 0.0001046590 0.1408760000 0.0000999730 0.0000999730
8 8 (0) 2 : 0.3190150000 0.0445806000 0.0000999639 0.4944380000 0.0000999639 0.1415660000 0.0000999639 0.0000999639
9 9 (0) 3 : 0.9993000000 0.0000999400 0.0000999400 0.0000999400 0.0000999400 0.0000999400 0.0000999400 0.0000999400
10 10 (0) 3 : 0.9993000000 0.0000999400 0.0000999400 0.0000999400 0.0000999400 0.0000999400 0.0000999400 0.0000999400
11 11 (0) 3 : 0.9993000000 0.0000999400 0.0000999400 0.0000999400 0.0000999400 0.0000999400 0.0000999400 0.0000999400
12 12 (0) 3 : 0.7989090000 0.0317103000 0.0000999820 0.0000999820 0.0205184000 0.0460297000 0.0496644000 0.0529683000
13 13 (0) 4 : 0.0376852000 0.6185860000 0.0000999730 0.2190210000 0.0065167500 0.1178910000 0.0000999730 0.0000999730
14 14 (0) 4 : 0.0000999400 0.9993000000 0.0000999400 0.0000999400 0.0000999400 0.0000999400 0.0000999400 0.0000999400
15 15 (0) 4 : 0.0155347000 0.9190330000 0.0019520000 0.0000999730 0.0000999730 0.0420188000 0.0000999730 0.0211617000
16 16 (0) 4 : 0.0000999400 0.9993000000 0.0000999400 0.0000999400 0.0000999400 0.0000999400 0.0000999400 0.0000999400
17 17 (0) 5 : 0.0000999400 0.0000999400 0.0000999400 0.0000999400 0.9993000000 0.0000999400 0.0000999400 0.0000999400
18 18 (0) 5 : 0.0000999460 0.0000999460 0.0000999460 0.0000999460 0.9981660000 0.0012344600 0.0000999460 0.0000999460
19 19 (0) 5 : 0.0000999460 0.0000999460 0.0052399600 0.0000999460 0.9941600000 0.0000999460 0.0000999460 0.0000999460
20 20 (0) 5 : 0.0000999550 0.0000999550 0.0000999550 0.0092223900 0.9857780000 0.0000999550 0.0044999200 0.0000999550
21 21 (0) 6 : 0.0000999700 0.0000999700 0.0128652000 0.0198499000 0.0185110000 0.0022195700 0.0000999700 0.9462540000
22 22 (0) 6 : 0.0000999460 0.0000999460 0.0000999460 0.0000999460 0.0185924000 0.0000999460 0.0000999460 0.9808080000
23 23 (0) 6 : 0.0000999400 0.0000999400 0.0000999400 0.0000999400 0.0000999400 0.0000999400 0.0000999400 0.9993000000
24 24 (0) 6 : 0.0000999500 0.0000999500 0.0000999500 0.0047866700 0.0000999500 0.0059588200 0.0000999500 0.9887550000
25 25 (0) 7 : 0.2252190000 0.0000999639 0.0000999639 0.0000999639 0.0453527000 0.0541984000 0.0000999639 0.6748300000
26 26 (0) 7 : 0.1332970000 0.0000999550 0.0000999550 0.0000999550 0.0000999550 0.1005220000 0.0000999550 0.7656810000
27 27 (0) 7 : 0.1542100000 0.0000999730 0.0000999730 0.0000999730 0.0159340000 0.0719750000 0.0148902000 0.7426910000
28 28 (0) 7 : 0.2225630000 0.0000999700 0.0022887800 0.0000999700 0.0588515000 0.0735752000 0.0000999700 0.6424220000
29 29 (0) 8 : 0.0000999800 0.0046462300 0.0659519000 0.0056595500 0.0102561000 0.0000999800 0.0642481000 0.8490380000
30 30 (0) 8 : 0.0000999800 0.0218912000 0.0248292000 0.0887848000 0.0026243100 0.0000999800 0.0164899000 0.8451810000
31 31 (0) 8 : 0.0000999600 0.0107466000 0.0118535000 0.0000999600 0.0000999600 0.0000999600 0.0425569000 0.9344430000
32 32 (0) 8 : 0.0000999460 0.0000999460 0.0000999460 0.0000999460 0.0000999460 0.0000999460 0.0315601000 0.9678400000
33 33 (0) 9 : 0.0000999549 0.0000999549 0.0092947800 0.9296650000 0.0000999549 0.0000999549 0.0000999549 0.0605404000
34 34 (0) 9 : 0.0000999400 0.0000999400 0.0000999400 0.9993000000 0.0000999400 0.0000999400 0.0000999400 0.0000999400
35 35 (0) 9 : 0.0000999400 0.0000999400 0.0000999400 0.9993000000 0.0000999400 0.0000999400 0.0000999400 0.0000999400
36 36 (0) 9 : 0.0000999549 0.0000999549 0.0031147800 0.9463150000 0.0000999549 0.0000999549 0.0000999549 0.0500702000
37 37 (0) 10 : 0.0292530000 0.0000999910 0.0206869000 0.0134553000 0.0141539000 0.0019548200 0.9163250000 0.0040710700
38 38 (0) 10 : 0.0000999400 0.0000999400 0.0000999400 0.0000999400 0.0000999400 0.0000999400 0.9993000000 0.0000999400
39 39 (0) 10 : 0.0112246000 0.0198900000 0.0000999820 0.0114094000 0.0049803000 0.0389548000 0.9133410000 0.0000999820
40 40 (0) 10 : 0.0000999400 0.0000999400 0.0000999400 0.0000999400 0.0000999400 0.0000999400 0.9993000000 0.0000999400
41 41 (0) 11 : 0.0000999550 0.0000999550 0.6119520000 0.0000999550 0.0000999550 0.0000999550 0.3468130000 0.0407351000
42 42 (0) 11 : 0.0000999500 0.0000999500 0.1815550000 0.0000999500 0.0000999500 0.0000999500 0.6709490000 0.1469960000
43 43 (0) 11 : 0.0000999640 0.0010426300 0.1589890000 0.0000999640 0.0000999640 0.0000999640 0.7003590000 0.1392090000
44 44 (0) 11 : 0.0141202000 0.0069822600 0.2745370000 0.0392492000 0.0377110000 0.0000999910 0.4602090000 0.1670920000
45 45 (0) 12 : 0.0000999460 0.0000999460 0.9868460000 0.0125543000 0.0000999460 0.0000999460 0.0000999460 0.0000999460
46 46 (0) 12 : 0.0000999400 0.0000999400 0.9993000000 0.0000999400 0.0000999400 0.0000999400 0.0000999400 0.0000999400
47 47 (0) 12 : 0.0000999400 0.0000999400 0.9993000000 0.0000999400 0.0000999400 0.0000999400 0.0000999400 0.0000999400
48 48 (0) 12 : 0.0000999400 0.0000999400 0.9993000000 0.0000999400 0.0000999400 0.0000999400 0.0000999400 0.0000999400
1 1 (0) 1 : 0.0295437000 0.8971740000 0.0421087000 0.0000999639 0.0000999639 0.0000999639 0.0000999639 0.0307738000
2 2 (0) 1 : 0.0202896000 0.9039010000 0.0474105000 0.0000999639 0.0000999639 0.0000999639 0.0000999639 0.0279987000
3 3 (0) 1 : 0.0000999400 0.9993000000 0.0000999400 0.0000999400 0.0000999400 0.0000999400 0.0000999400 0.0000999400
4 4 (0) 1 : 0.0000999460 0.9904070000 0.0000999460 0.0089932200 0.0000999460 0.0000999460 0.0000999460 0.0000999460
5 5 (0) 2 : 0.2036030000 0.0910767000 0.0000999556 0.0000999556 0.0000999556 0.7048210000 0.0000999556 0.0000999556
6 6 (0) 2 : 0.2350250000 0.0647917000 0.0000999550 0.0000999550 0.0000999550 0.6996830000 0.0000999550 0.0000999550
7 7 (0) 2 : 0.2300550000 0.0660036000 0.0000999549 0.0000999549 0.0000999549 0.7034420000 0.0000999549 0.0000999549
8 8 (0) 2 : 0.1992250000 0.0825303000 0.0000999549 0.0000999549 0.0000999549 0.7177450000 0.0000999549 0.0000999549
9 9 (0) 3 : 0.9993000000 0.0000999400 0.0000999400 0.0000999400 0.0000999400 0.0000999400 0.0000999400 0.0000999400
10 10 (0) 3 : 0.9993000000 0.0000999400 0.0000999400 0.0000999400 0.0000999400 0.0000999400 0.0000999400 0.0000999400
11 11 (0) 3 : 0.9993000000 0.0000999400 0.0000999400 0.0000999400 0.0000999400 0.0000999400 0.0000999400 0.0000999400
12 12 (0) 3 : 0.7779760000 0.0363176000 0.0564524000 0.0267571000 0.0000999910 0.0283727000 0.0535182000 0.0205064000
13 13 (0) 4 : 0.0056258600 0.1120520000 0.6330190000 0.0000999730 0.0000999730 0.2364610000 0.0000999730 0.0125419000
14 14 (0) 4 : 0.0000999400 0.0000999400 0.9993000000 0.0000999400 0.0000999400 0.0000999400 0.0000999400 0.0000999400
15 15 (0) 4 : 0.0014192200 0.0490552000 0.9202460000 0.0000999730 0.0000999730 0.0000999730 0.0252132000 0.0037664400
16 16 (0) 4 : 0.0000999400 0.0000999400 0.9993000000 0.0000999400 0.0000999400 0.0000999400 0.0000999400 0.0000999400
17 17 (0) 5 : 0.0000999400 0.0000999400 0.0000999400 0.0000999400 0.0000999400 0.0000999400 0.0000999400 0.9993000000
18 18 (0) 5 : 0.0000999460 0.0000999460 0.0048272100 0.0000999460 0.0000999460 0.0000999460 0.0000999460 0.9945730000
19 19 (0) 5 : 0.0000999460 0.0000999460 0.0000999460 0.0000999460 0.0030607500 0.0000999460 0.0000999460 0.9963400000
20 20 (0) 5 : 0.0000999640 0.0007540710 0.0000999640 0.0054917700 0.0000999640 0.0058081400 0.0000999640 0.9875460000
21 21 (0) 6 : 0.0000999639 0.0199397000 0.0000999639 0.0000999639 0.0045012200 0.0000999639 0.9644040000 0.0107547000
22 22 (0) 6 : 0.0000999550 0.0000999550 0.0000999550 0.0000999550 0.0035819800 0.0000999550 0.9889760000 0.0069426600
23 23 (0) 6 : 0.0000999400 0.0000999400 0.0000999400 0.0000999400 0.0000999400 0.0000999400 0.9993000000 0.0000999400
24 24 (0) 6 : 0.0000999550 0.0197984000 0.0000999550 0.0000999550 0.0000999550 0.0002341920 0.9794680000 0.0000999550
25 25 (0) 7 : 0.2079820000 0.1011690000 0.0000999639 0.0000999639 0.0000999639 0.0000999639 0.6271960000 0.0632532000
26 26 (0) 7 : 0.0980318000 0.1570590000 0.0000999640 0.0017887000 0.0000999640 0.0000999640 0.7427210000 0.0000999640
27 27 (0) 7 : 0.1280010000 0.1206880000 0.0000999640 0.0000999640 0.0000999640 0.0000999640 0.7352550000 0.0156562000
28 28 (0) 7 : 0.2042630000 0.0891434000 0.0000999700 0.0000999700 0.0002795920 0.0000999700 0.6251390000 0.0808754000
29 29 (0) 8 : 0.0000999640 0.0000999640 0.0234444000 0.0753158000 0.0611859000 0.0000999640 0.8396540000 0.0000999640
30 30 (0) 8 : 0.0000999800 0.0000999800 0.0434441000 0.0322892000 0.0180518000 0.0457500000 0.8478750000 0.0123901000
31 31 (0) 8 : 0.0000999550 0.0000999550 0.0049491500 0.0451155000 0.0000999550 0.0000999550 0.9494360000 0.0000999550
32 32 (0) 8 : 0.0000999460 0.0000999460 0.0000999460 0.0392530000 0.0000999460 0.0000999460 0.9601470000 0.0000999460
33 33 (0) 9 : 0.0000999549 0.0000999549 0.0000999549 0.0000999549 0.0096227100 0.8518160000 0.1380620000 0.0000999549
34 34 (0) 9 : 0.0000999459 0.0000999459 0.0000999459 0.0000999459 0.0000999459 0.9011240000 0.0982761000 0.0000999459
35 35 (0) 9 : 0.0000999459 0.0000999459 0.0000999459 0.0000999459 0.0000999459 0.9077490000 0.0916516000 0.0000999459
36 36 (0) 9 : 0.0000999549 0.0000999549 0.0000999549 0.0000999549 0.0089660200 0.8738630000 0.1166720000 0.0000999549
37 37 (0) 10 : 0.0342256000 0.0054893400 0.0000999900 0.8884100000 0.0157189000 0.0345833000 0.0031626400 0.0183101000
38 38 (0) 10 : 0.0000999400 0.0000999400 0.0000999400 0.9993000000 0.0000999400 0.0000999400 0.0000999400 0.0000999400
39 39 (0) 10 : 0.0000999700 0.0134710000 0.0143843000 0.9343900000 0.0000999700 0.0207323000 0.0167221000 0.0000999700
40 40 (0) 10 : 0.0000999400 0.0000999400 0.0000999400 0.9993000000 0.0000999400 0.0000999400 0.0000999400 0.0000999400
41 41 (0) 11 : 0.0000999550 0.0000999550 0.0000999550 0.3417850000 0.6186570000 0.0000999550 0.0390587000 0.0000999550
42 42 (0) 11 : 0.0000999549 0.0000999549 0.0000999549 0.6650230000 0.1605780000 0.0000999549 0.1738980000 0.0000999549
43 43 (0) 11 : 0.0017633000 0.0087365900 0.0000999730 0.6992210000 0.1525620000 0.0000999730 0.1374170000 0.0000999730
44 44 (0) 11 : 0.0113454000 0.0000999820 0.0000999820 0.5048150000 0.2591670000 0.0457841000 0.1518490000 0.0268394000
45 45 (0) 12 : 0.0000999400 0.0000999400 0.0000999400 0.0000999400 0.9993000000 0.0000999400 0.0000999400 0.0000999400
46 46 (0) 12 : 0.0000999400 0.0000999400 0.0000999400 0.0000999400 0.9993000000 0.0000999400 0.0000999400 0.0000999400
47 47 (0) 12 : 0.0000999400 0.0000999400 0.0000999400 0.0000999400 0.9993000000 0.0000999400 0.0000999400 0.0000999400
48 48 (0) 12 : 0.0000999400 0.0000999400 0.0000999400 0.0000999400 0.9993000000 0.0000999400 0.0000999400 0.0000999400
1 1 (0) 1 : 0.0000999730 0.0000999730 0.0120828000 0.9075090000 0.000099973 0.0146299000 0.0346798000 0.0307988000
2 2 (0) 1 : 0.0000999700 0.0000999700 0.0310205000 0.8852600000 0.000099970 0.0114229000 0.0448015000 0.0271956000
3 3 (0) 1 : 0.0000999400 0.0000999400 0.0000999400 0.9993000000 0.000099940 0.0000999400 0.0000999400 0.0000999400
4 4 (0) 1 : 0.0000999400 0.0000999400 0.0000999400 0.9993000000 0.000099940 0.0000999400 0.0000999400 0.0000999400
5 5 (0) 2 : 0.0003878390 0.0000999730 0.0180497000 0.0000999730 0.026303400 0.0000999730 0.1714010000 0.7835590000
6 6 (0) 2 : 0.0000999550 0.0000999550 0.0254595000 0.0000999550 0.000099955 0.0000999550 0.2199390000 0.7541020000
7 7 (0) 2 : 0.0096475400 0.0000999640 0.0176542000 0.0000999640 0.000099964 0.0000999640 0.1970140000 0.7752840000
8 8 (0) 2 : 0.0000999698 0.0000999698 0.0416517000 0.0000999698 0.024451200 0.0000999698 0.1664920000 0.7670050000
9 9 (0) 3 : 0.0000999400 0.0000999400 0.0000999400 0.0000999400 0.000099940 0.0000999400 0.9993000000 0.0000999400
10 10 (0) 3 : 0.0000999400 0.0000999400 0.0000999400 0.0000999400 0.000099940 0.0000999400 0.9993000000 0.0000999400
11 11 (0) 3 : 0.0000999400 0.0000999400 0.0000999400 0.0000999400 0.000099940 0.0000999400 0.9993000000 0.0000999400
12 12 (0) 3 : 0.0399015000 0.0275533000 0.0235060000 0.0423559000 0.000099991 0.0410606000 0.7671200000 0.0584024000
13 13 (0) 4 : 0.0000999500 0.0000999500 0.0000999500 0.1297190000 0.000099950 0.1525310000 0.0000999500 0.7172500000
14 14 (0) 4 : 0.0000999400 0.0000999400 0.0000999400 0.0000999400 0.000099940 0.0000999400 0.0000999400 0.9993000000
15 15 (0) 4 : 0.0000999550 0.0276410000 0.0000999550 0.0565309000 0.000099955 0.0000999550 0.0000999550 0.9153280000
16 16 (0) 4 : 0.0000999400 0.0000999400 0.0000999400 0.0000999400 0.000099940 0.0000999400 0.0000999400 0.9993000000
17 17 (0) 5 : 0.0000999460 0.0069759000 0.9924240000 0.0000999460 0.000099946 0.0000999460 0.0000999460 0.0000999460
18 18 (0) 5 : 0.0000999400 0.0000999400 0.9993000000 0.0000999400 0.000099940 0.0000999400 0.0000999400 0.0000999400
19 19 (0) 5 : 0.0000999460 0.0000999460 0.9987130000 0.0000999460 0.000686895 0.0000999460 0.0000999460 0.0000999460
20 20 (0) 5 : 0.0078218900 0.0000999550 0.9848030000 0.0000999550 0.000099955 0.0068749500 0.0000999550 0.0000999550
21 21 (0) 6 : 0.0000999700 0.9351080000 0.0081328800 0.0059733200 0.004545670 0.0459402000 0.0000999700 0.0000999700
22 22 (0) 6 : 0.0000999550 0.9922500000 0.0009845020 0.0000999550 0.000099955 0.0062654800 0.0000999550 0.0000999550
23 23 (0) 6 : 0.0000999400 0.9993000000 0.0000999400 0.0000999400 0.000099940 0.0000999400 0.0000999400 0.0000999400
24 24 (0) 6 : 0.0000999460 0.9844490000 0.0000999460 0.0000999460 0.000099946 0.0149517000 0.0000999460 0.0000999460
25 25 (0) 7 : 0.0000999730 0.6477870000 0.0636888000 0.0969127000 0.000099973 0.0000999730 0.1890170000 0.0022950500
26 26 (0) 7 : 0.0000999550 0.7391130000 0.0000999550 0.1321310000 0.000099955 0.0000999550 0.1282560000 0.0000999550
27 27 (0) 7 : 0.0024363400 0.7443960000 0.0103357000 0.1055400000 0.000099973 0.0000999730 0.1369920000 0.0000999730
28 28 (0) 7 : 0.0000999729 0.6312000000 0.0752125000 0.0921421000 0.006464540 0.0000999729 0.1946810000 0.0000999729
29 29 (0) 8 : 0.0609053000 0.8244680000 0.0056259700 0.0000999730 0.092201000 0.0165000000 0.0000999730 0.0000999730
30 30 (0) 8 : 0.0121430000 0.8316050000 0.0087235800 0.0000999820 0.029178300 0.1126700000 0.0000999820 0.0054797400
31 31 (0) 8 : 0.0408883000 0.9267400000 0.0000999640 0.0000999640 0.014938500 0.0000999640 0.0000999640 0.0170329000
32 32 (0) 8 : 0.0362548000 0.9631460000 0.0000999460 0.0000999460 0.000099946 0.0000999460 0.0000999460 0.0000999460
33 33 (0) 9 : 0.0000999640 0.0120167000 0.0003551550 0.0000999640 0.018324400 0.9689040000 0.0000999640 0.0000999640
34 34 (0) 9 : 0.0000999400 0.0000999400 0.0000999400 0.0000999400 0.000099940 0.9993000000 0.0000999400 0.0000999400
35 35 (0) 9 : 0.0000999460 0.0000999460 0.0000999460 0.0060900300 0.000099946 0.9933100000 0.0000999460 0.0000999460
36 36 (0) 9 : 0.0000999640 0.0158682000 0.0000999640 0.0000999640 0.007504790 0.9700250000 0.0000999640 0.0062016500
37 37 (0) 10 : 0.9208690000 0.0000999900 0.0356651000 0.0110419000 0.009428720 0.0094039700 0.0060927800 0.0073980700
38 38 (0) 10 : 0.9993000000 0.0000999400 0.0000999400 0.0000999400 0.000099940 0.0000999400 0.0000999400 0.0000999400
39 39 (0) 10 : 0.9068510000 0.0314583000 0.0000999820 0.0126634000 0.000099982 0.0045272600 0.0033172000 0.0409824000
40 40 (0) 10 : 0.9993000000 0.0000999400 0.0000999400 0.0000999400 0.000099940 0.0000999400 0.0000999400 0.0000999400
41 41 (0) 11 : 0.3603010000 0.0413736000 0.0000999550 0.0000999550 0.597826000 0.0000999550 0.0000999550 0.0000999550
42 42 (0) 11 : 0.7081250000 0.1487070000 0.0000999549 0.0000999549 0.142668000 0.0000999549 0.0000999549 0.0000999549
43 43 (0) 11 : 0.7279700000 0.1401360000 0.0000999640 0.0000999640 0.130683000 0.0000999640 0.0008099770 0.0000999640
44 44 (0) 11 : 0.4814080000 0.1535200000 0.0374395000 0.0000999820 0.288809000 0.0166553000 0.0219688000 0.0000999820
45 45 (0) 12 : 0.0000999460 0.0000999460 0.0000999460 0.0000999460 0.994454000 0.0049460300 0.0000999460 0.0000999460
46 46 (0) 12 : 0.0000999400 0.0000999400 0.0000999400 0.0000999400 0.999300000 0.0000999400 0.0000999400 0.0000999400
47 47 (0) 12 : 0.0000999400 0.0000999400 0.0000999400 0.0000999400 0.999300000 0.0000999400 0.0000999400 0.0000999400
48 48 (0) 12 : 0.0000999460 0.0000999460 0.0000999460 0.0000999460 0.995800000 0.0000999460 0.0000999460 0.0036001900
1 1 (0) 1 : 0.0345608000 0.0000999639 0.0187617000 0.0000999639 0.0000999639 0.9214300000 0.0248481000 0.0000999639
2 2 (0) 1 : 0.0379677000 0.0000999729 0.0091111600 0.0119380000 0.0000999729 0.9334140000 0.0072688700 0.0000999729
3 3 (0) 1 : 0.0000999400 0.0000999400 0.0000999400 0.0000999400 0.0000999400 0.9993000000 0.0000999400 0.0000999400
4 4 (0) 1 : 0.0000999460 0.0000999460 0.0000999460 0.0000999460 0.0057649200 0.9936350000 0.0000999460 0.0000999460
5 5 (0) 2 : 0.1385660000 0.0000999730 0.0160452000 0.2815930000 0.0000999730 0.1419490000 0.4215470000 0.0000999730
6 6 (0) 2 : 0.0847267000 0.0000999730 0.0243861000 0.2548490000 0.0000999730 0.1400570000 0.4956820000 0.0000999730
7 7 (0) 2 : 0.1227180000 0.0000999640 0.0000999640 0.2637200000 0.0000999640 0.1443900000 0.4687720000 0.0000999640
8 8 (0) 2 : 0.1351900000 0.0000999729 0.0118466000 0.2868650000 0.0000999729 0.1347580000 0.4310410000 0.0000999729
9 9 (0) 3 : 0.0000999400 0.0000999400 0.0000999400 0.0000999400 0.0000999400 0.0000999400 0.9993000000 0.0000999400
10 10 (0) 3 : 0.0000999400 0.0000999400 0.0000999400 0.0000999400 0.0000999400 0.0000999400 0.9993000000 0.0000999400
11 11 (0) 3 : 0.0000999400 0.0000999400 0.0000999400 0.0000999400 0.0000999400 0.0000999400 0.9993000000 0.0000999400
12 12 (0) 3 : 0.0221939000 0.0000999910 0.0104518000 0.0036666900 0.0500720000 0.0282423000 0.8167520000 0.0685211000
13 13 (0) 4 : 0.6704640000 0.0000999730 0.0233032000 0.1751110000 0.0000999730 0.1156370000 0.0151848000 0.0000999730
14 14 (0) 4 : 0.9993000000 0.0000999400 0.0000999400 0.0000999400 0.0000999400 0.0000999400 0.0000999400 0.0000999400
15 15 (0) 4 : 0.9240500000 0.0084698000 0.0000999730 0.0000999730 0.0008154240 0.0348463000 0.0000999730 0.0315181000
16 16 (0) 4 : 0.9993000000 0.0000999400 0.0000999400 0.0000999400 0.0000999400 0.0000999400 0.0000999400 0.0000999400
17 17 (0) 5 : 0.0000999400 0.0000999400 0.9993000000 0.0000999400 0.0000999400 0.0000999400 0.0000999400 0.0000999400
18 18 (0) 5 : 0.0000999460 0.0000999460 0.9891630000 0.0000999460 0.0000999460 0.0102370000 0.0000999460 0.0000999460
19 19 (0) 5 : 0.0000999460 0.0004068400 0.9989930000 0.0000999460 0.0000999460 0.0000999460 0.0000999460 0.0000999460
20 20 (0) 5 : 0.0000999460 0.0000999460 0.9865810000 0.0128195000 0.0000999460 0.0000999460 0.0000999460 0.0000999460
21 21 (0) 6 : 0.0000999549 0.0089578900 0.0000999549 0.0331198000 0.0000999549 0.0000999549 0.0000999549 0.9574230000
22 22 (0) 6 : 0.0000999550 0.0000999550 0.0004565600 0.0107273000 0.0000999550 0.0000999550 0.0000999550 0.9883160000
23 23 (0) 6 : 0.0000999400 0.0000999400 0.0000999400 0.0000999400 0.0000999400 0.0000999400 0.0000999400 0.9993000000
24 24 (0) 6 : 0.0060120900 0.0000999550 0.0000999550 0.0083716800 0.0000999550 0.0000999550 0.0000999550 0.9851160000
25 25 (0) 7 : 0.0000999600 0.0000999600 0.0604886000 0.0000999600 0.0000999600 0.0666012000 0.2182430000 0.6542680000
26 26 (0) 7 : 0.0000999640 0.0000999640 0.0000999640 0.0000999640 0.0017027500 0.1415580000 0.1290460000 0.7272940000
27 27 (0) 7 : 0.0000999640 0.0000999640 0.0114076000 0.0000999640 0.0000999640 0.0904384000 0.1707150000 0.7270400000
28 28 (0) 7 : 0.0000999729 0.0055292500 0.0669097000 0.0000999729 0.0000999729 0.0796422000 0.2150560000 0.6325630000
29 29 (0) 8 : 0.0116861000 0.0681071000 0.0000999640 0.0000999640 0.0619252000 0.0000999640 0.0000999640 0.8578820000
30 30 (0) 8 : 0.0000999730 0.0273713000 0.0003928590 0.0922189000 0.0237131000 0.0000999730 0.0000999730 0.8560040000
31 31 (0) 8 : 0.0107831000 0.0137138000 0.0017185100 0.0000999730 0.0365523000 0.0000999730 0.0000999730 0.9369320000
32 32 (0) 8 : 0.0000999460 0.0000999460 0.0000999460 0.0000999460 0.0365521000 0.0000999460 0.0000999460 0.9628480000
33 33 (0) 9 : 0.0000999730 0.0210023000 0.0043771500 0.9505520000 0.0024310300 0.0000999730 0.0000999730 0.0213377000
34 34 (0) 9 : 0.0000999400 0.0000999400 0.0000999400 0.9993000000 0.0000999400 0.0000999400 0.0000999400 0.0000999400
35 35 (0) 9 : 0.0000999400 0.0000999400 0.0000999400 0.9993000000 0.0000999400 0.0000999400 0.0000999400 0.0000999400
36 36 (0) 9 : 0.0000999460 0.0000999460 0.0000999460 0.9782500000 0.0000999460 0.0000999460 0.0000999460 0.0211501000
37 37 (0) 10 : 0.0000999730 0.0149230000 0.0176222000 0.0046188500 0.9245240000 0.0000999730 0.0380120000 0.0000999730
38 38 (0) 10 : 0.0000999400 0.0000999400 0.0000999400 0.0000999400 0.9993000000 0.0000999400 0.0000999400 0.0000999400
39 39 (0) 10 : 0.0173214000 0.0000999820 0.0000999820 0.0030482700 0.9294800000 0.0200643000 0.0129911000 0.0168952000
40 40 (0) 10 : 0.0000999400 0.0000999400 0.0000999400 0.0000999400 0.9993000000 0.0000999400 0.0000999400 0.0000999400
41 41 (0) 11 : 0.0000999550 0.6251410000 0.0000999550 0.0000999550 0.3337120000 0.0000999550 0.0000999550 0.0406475000
42 42 (0) 11 : 0.0000999550 0.1432460000 0.0000999550 0.0000999550 0.7064130000 0.0000999550 0.0000999550 0.1498410000
43 43 (0) 11 : 0.0000999640 0.1443620000 0.0000999640 0.0000999640 0.7219910000 0.0027034100 0.0000999640 0.1305440000
44 44 (0) 11 : 0.0005238930 0.2652520000 0.0356398000 0.0287892000 0.4750710000 0.0000999910 0.0280201000 0.1666030000
45 45 (0) 12 : 0.0000999400 0.9993000000 0.0000999400 0.0000999400 0.0000999400 0.0000999400 0.0000999400 0.0000999400
46 46 (0) 12 : 0.0000999400 0.9993000000 0.0000999400 0.0000999400 0.0000999400 0.0000999400 0.0000999400 0.0000999400
47 47 (0) 12 : 0.0000999400 0.9993000000 0.0000999400 0.0000999400 0.0000999400 0.0000999400 0.0000999400 0.0000999400
48 48 (0) 12 : 0.0000999400 0.9993000000 0.0000999400 0.0000999400 0.0000999400 0.0000999400 0.0000999400 0.0000999400
1 1 (0) 1 : 0.0645103000 0.0000999700 0.8861050000 0.0000999700 0.0187288000 0.0134740000 0.0000999700 0.0168825000
2 2 (0) 1 : 0.0364904000 0.0000999700 0.8917360000 0.0000999700 0.0315399000 0.0119310000 0.0000999700 0.0280033000
3 3 (0) 1 : 0.0000999400 0.0000999400 0.9993000000 0.0000999400 0.0000999400 0.0000999400 0.0000999400 0.0000999400
4 4 (0) 1 : 0.0000999400 0.0000999400 0.9993000000 0.0000999400 0.0000999400 0.0000999400 0.0000999400 0.0000999400
5 5 (0) 2 : 0.7864620000 0.0000999730 0.0000999730 0.0225951000 0.0000999730 0.0301884000 0.0204433000 0.1400120000
6 6 (0) 2 : 0.7670620000 0.0000999550 0.0000999550 0.0000999550 0.0000999550 0.0372387000 0.0000999550 0.1952000000
7 7 (0) 2 : 0.8111340000 0.0000999550 0.0000999550 0.0000999550 0.0000999550 0.0113457000 0.0000999550 0.1770200000
8 8 (0) 2 : 0.7829360000 0.0000999639 0.0000999639 0.0204984000 0.0000999639 0.0339818000 0.0000999639 0.1621830000
9 9 (0) 3 : 0.0000999400 0.0000999400 0.0000999400 0.0000999400 0.0000999400 0.0000999400 0.0000999400 0.9993000000
10 10 (0) 3 : 0.0000999400 0.0000999400 0.0000999400 0.0000999400 0.0000999400 0.0000999400 0.0000999400 0.9993000000
11 11 (0) 3 : 0.0000999400 0.0000999400 0.0000999400 0.0000999400 0.0000999400 0.0000999400 0.0000999400 0.9993000000
12 12 (0) 3 : 0.0801698000 0.0068833000 0.0410548000 0.0000999910 0.0272520000 0.0202493000 0.0493731000 0.7749180000
13 13 (0) 4 : 0.7155630000 0.0000999550 0.1130000000 0.0000999550 0.1709370000 0.0000999550 0.0000999550 0.0000999550
14 14 (0) 4 : 0.9993000000 0.0000999400 0.0000999400 0.0000999400 0.0000999400 0.0000999400 0.0000999400 0.0000999400
15 15 (0) 4 : 0.9302220000 0.0175199000 0.0517585000 0.0000999550 0.0000999550 0.0000999550 0.0000999550 0.0000999550
16 16 (0) 4 : 0.9993000000 0.0000999400 0.0000999400 0.0000999400 0.0000999400 0.0000999400 0.0000999400 0.0000999400
17 17 (0) 5 : 0.0000999400 0.0014734100 0.0000999400 0.0000999400 0.0000999400 0.9979270000 0.0000999400 0.0000999400
18 18 (0) 5 : 0.0000999400 0.0000999400 0.0000999400 0.0000999400 0.0000999400 0.9993000000 0.0000999400 0.0000999400
19 19 (0) 5 : 0.0000999400 0.0000999400 0.0000999400 0.0000999400 0.0000999400 0.9993000000 0.0000999400 0.0000999400
20 20 (0) 5 : 0.0000999550 0.0000999550 0.0000999550 0.0000999550 0.0098945600 0.9795390000 0.0100663000 0.0000999550
21 21 (0) 6 : 0.0000999600 0.9278020000 0.0000999600 0.0187214000 0.0327163000 0.0203601000 0.0000999600 0.0000999600
22 22 (0) 6 : 0.0000999400 0.9993000000 0.0000999400 0.0000999400 0.0000999400 0.0000999400 0.0000999400 0.0000999400
23 23 (0) 6 : 0.0000999460 0.9971700000 0.0000999460 0.0000999460 0.0022308200 0.0000999460 0.0000999460 0.0000999460
24 24 (0) 6 : 0.0000999460 0.9798600000 0.0000999460 0.0000999460 0.0195406000 0.0000999460 0.0000999460 0.0000999460
25 25 (0) 7 : 0.0049366800 0.6492080000 0.0883074000 0.0000999730 0.0000999730 0.0571110000 0.0000999730 0.2001370000
26 26 (0) 7 : 0.0000999550 0.7493350000 0.1310530000 0.0000999550 0.0000999550 0.0000999550 0.0000999550 0.1191120000
27 27 (0) 7 : 0.0000999640 0.7743710000 0.1013650000 0.0000999640 0.0000999640 0.0026920100 0.0000999640 0.1211710000
28 28 (0) 7 : 0.0000999639 0.6306500000 0.0909771000 0.0000999639 0.0000999639 0.0758113000 0.0000999639 0.2021620000
29 29 (0) 8 : 0.0141931000 0.8334870000 0.0000999640 0.0659256000 0.0000999640 0.0000999640 0.0859944000 0.0000999640
30 30 (0) 8 : 0.0000999730 0.8220200000 0.0000999730 0.0407579000 0.1041720000 0.0145760000 0.0181747000 0.0000999730
31 31 (0) 8 : 0.0088150200 0.9369650000 0.0000999640 0.0002406910 0.0000999640 0.0000999640 0.0535795000 0.0000999640
32 32 (0) 8 : 0.0000999460 0.9597760000 0.0000999460 0.0000999460 0.0000999460 0.0000999460 0.0396244000 0.0000999460
33 33 (0) 9 : 0.0000999550 0.0080639800 0.0000999550 0.0218854000 0.9695510000 0.0000999550 0.0000999550 0.0000999550
34 34 (0) 9 : 0.0000999400 0.0000999400 0.0000999400 0.0000999400 0.9993000000 0.0000999400 0.0000999400 0.0000999400
35 35 (0) 9 : 0.0000999400 0.0000999400 0.0000999400 0.0000999400 0.9993000000 0.0000999400 0.0000999400 0.0000999400
36 36 (0) 9 : 0.0000999734 0.0051786400 0.0075838000 0.0194430000 0.9641790000 0.0000999734 0.0000999734 0.0033160500
37 37 (0) 10 : 0.0011349600 0.0000999800 0.0000999800 0.0162847000 0.0322497000 0.0211046000 0.8986520000 0.0303739000
38 38 (0) 10 : 0.0000999400 0.0000999400 0.0000999400 0.0000999400 0.0000999400 0.0000999400 0.9993000000 0.0000999400
39 39 (0) 10 : 0.0200110000 0.0072107900 0.0251816000 0.0000999820 0.0078081500 0.0000999820 0.9301970000 0.0093913300
40 40 (0) 10 : 0.0000999400 0.0000999400 0.0000999400 0.0000999400 0.0000999400 0.0000999400 0.9993000000 0.0000999400
41 41 (0) 11 : 0.0000999638 0.0519171000 0.0000999638 0.6127520000 0.0000999638 0.0000999638 0.3348310000 0.0000999638
42 42 (0) 11 : 0.0000999549 0.1467430000 0.0000999549 0.1669460000 0.0000999549 0.0000999549 0.6858110000 0.0000999549
43 43 (0) 11 : 0.0000999550 0.1368660000 0.0000999550 0.1334870000 0.0000999550 0.0000999550 0.7291470000 0.0000999550
44 44 (0) 11 : 0.0000999820 0.1347360000 0.0000999820 0.2678520000 0.0445315000 0.0377783000 0.4860820000 0.0288206000
45 45 (0) 12 : 0.0016460000 0.0000999550 0.0000999550 0.9973140000 0.0000999550 0.0005402510 0.0000999550 0.0000999550
46 46 (0) 12 : 0.0000999400 0.0000999400 0.0000999400 0.9993000000 0.0000999400 0.0000999400 0.0000999400 0.0000999400
47 47 (0) 12 : 0.0000999400 0.0000999400 0.0000999400 0.9993000000 0.0000999400 0.0000999400 0.0000999400 0.0000999400
48 48 (0) 12 : 0.0000999400 0.0000999400 0.0000999400 0.9993000000 0.0000999400 0.0000999400 0.0000999400 0.0000999400
1 1 (0) 1 : 0.0000999639 0.0000999639 0.0313595000 0.0000999639 0.0219153000 0.0347242000 0.0000999639 0.9116010000
2 2 (0) 1 : 0.0039140800 0.0000999729 0.0202562000 0.0000999729 0.0364460000 0.0111411000 0.0000999729 0.9279430000
3 3 (0) 1 : 0.0000999400 0.0000999400 0.0000999400 0.0000999400 0.0000999400 0.0000999400 0.0000999400 0.9993000000
4 4 (0) 1 : 0.0000999400 0.0000999400 0.0000999400 0.0000999400 0.0000999400 0.0000999400 0.0000999400 0.9993000000
5 5 (0) 2 : 0.3196150000 0.0000999729 0.0168779000 0.0000999729 0.0865745000 0.4116190000 0.0000999729 0.1650130000
6 6 (0) 2 : 0.3130810000 0.0000999730 0.0187249000 0.0000999730 0.0555790000 0.4732460000 0.0000999730 0.1390690000
7 7 (0) 2 : 0.2979190000 0.0000999640 0.0000999640 0.0000999640 0.0985465000 0.4460500000 0.0000999640 0.1570840000
8 8 (0) 2 : 0.3324410000 0.0000999730 0.0094414900 0.0000999730 0.0994125000 0.4189190000 0.0000999730 0.1394870000
9 9 (0) 3 : 0.0000999400 0.0000999400 0.0000999400 0.0000999400 0.0000999400 0.9993000000 0.0000999400 0.0000999400
10 10 (0) 3 : 0.0000999400 0.0000999400 0.0000999400 0.0000999400 0.0000999400 0.9993000000 0.0000999400 0.0000999400
11 11 (0) 3 : 0.0000999400 0.0000999400 0.0000999400 0.0000999400 0.0000999400 0.9993000000 0.0000999400 0.0000999400
12 12 (0) 3 : 0.0000999820 0.0464488000 0.0214050000 0.0494627000 0.0420950000 0.8115140000 0.0000999820 0.0288742000
13 13 (0) 4 : 0.1919860000 0.0000999730 0.0071970000 0.0000999730 0.6357080000 0.0358283000 0.0000999730 0.1289800000
14 14 (0) 4 : 0.0000999400 0.0000999400 0.0000999400 0.0000999400 0.9993000000 0.0000999400 0.0000999400 0.0000999400
15 15 (0) 4 : 0.0000999640 0.0000999640 0.0000999640 0.0108518000 0.9300580000 0.0131601000 0.0000999640 0.0455305000
16 16 (0) 4 : 0.0000999400 0.0000999400 0.0000999400 0.0000999400 0.9993000000 0.0000999400 0.0000999400 0.0000999400
17 17 (0) 5 : 0.0000999400 0.0000999400 0.9993000000 0.0000999400 0.0000999400 0.0000999400 0.0000999400 0.0000999400
18 18 (0) 5 : 0.0043690100 0.0000999550 0.9938070000 0.0000999550 0.0013237200 0.0000999550 0.0000999550 0.0000999550
19 19 (0) 5 : 0.0000999460 0.0000999460 0.9977780000 0.0000999460 0.0000999460 0.0000999460 0.0016221500 0.0000999460
20 20 (0) 5 : 0.0126234000 0.0061409400 0.9771060000 0.0000999640 0.0000999640 0.0000999640 0.0000999640 0.0037293900
21 21 (0) 6 : 0.0361193000 0.0000999729 0.0218709000 0.9177460000 0.0000999729 0.0000999729 0.0173766000 0.0065873800
22 22 (0) 6 : 0.0056076800 0.0000999550 0.0135089000 0.9803840000 0.0000999550 0.0000999550 0.0000999550 0.0000999550
23 23 (0) 6 : 0.0000999400 0.0000999400 0.0000999400 0.9993000000 0.0000999400 0.0000999400 0.0000999400 0.0000999400
24 24 (0) 6 : 0.0101436000 0.0000999550 0.0000999550 0.9843520000 0.0000999550 0.0000999550 0.0000999550 0.0050041900
25 25 (0) 7 : 0.0000999700 0.0000999700 0.0488222000 0.6438780000 0.0021961800 0.2470930000 0.0000999700 0.0577103000
26 26 (0) 7 : 0.0000999640 0.0095110600 0.0000999640 0.7271310000 0.0000999640 0.1332890000 0.0000999640 0.1296690000
27 27 (0) 7 : 0.0000999640 0.0000999640 0.0161098000 0.7278630000 0.0000999640 0.1491460000 0.0000999640 0.1064810000
28 28 (0) 7 : 0.0000999639 0.0000999639 0.0871623000 0.6091590000 0.0000999639 0.2340150000 0.0000999639 0.0692646000
29 29 (0) 8 : 0.0075845100 0.0924484000 0.0000999730 0.8132200000 0.0297480000 0.0000999730 0.0566987000 0.0000999730
30 30 (0) 8 : 0.0810637000 0.0254413000 0.0121960000 0.8357830000 0.0214956000 0.0000999820 0.0238202000 0.0000999820
31 31 (0) 8 : 0.0000999730 0.0366312000 0.0013743100 0.9210960000 0.0235094000 0.0000999730 0.0170892000 0.0000999730
32 32 (0) 8 : 0.0000999460 0.0395388000 0.0000999460 0.9598620000 0.0000999460 0.0000999460 0.0000999460 0.0000999460
33 33 (0) 9 : 0.9521550000 0.0000999550 0.0000999550 0.0290980000 0.0000999550 0.0000999550 0.0182473000 0.0000999550
34 34 (0) 9 : 0.9993000000 0.0000999400 0.0000999400 0.0000999400 0.0000999400 0.0000999400 0.0000999400 0.0000999400
35 35 (0) 9 : 0.9993000000 0.0000999400 0.0000999400 0.0000999400 0.0000999400 0.0000999400 0.0000999400 0.0000999400
36 36 (0) 9 : 0.9887460000 0.0000999550 0.0000999550 0.0085830100 0.0000999550 0.0000999550 0.0021717100 0.0000999550
37 37 (0) 10 : 0.0106755000 0.9168890000 0.0281478000 0.0000999730 0.0000999730 0.0387696000 0.0052179100 0.0000999730
38 38 (0) 10 : 0.0000999400 0.9993000000 0.0000999400 0.0000999400 0.0000999400 0.0000999400 0.0000999400 0.0000999400
39 39 (0) 10 : 0.0271394000 0.8853990000 0.0000999910 0.0254702000 0.0042031000 0.0018205600 0.0041325300 0.0517348000
40 40 (0) 10 : 0.0000999400 0.9993000000 0.0000999400 0.0000999400 0.0000999400 0.0000999400 0.0000999400 0.0000999400
41 41 (0) 11 : 0.0000999550 0.3592430000 0.0000999550 0.0435500000 0.0000999550 0.0000999550 0.5967080000 0.0000999550
42 42 (0) 11 : 0.0000999549 0.7436370000 0.0000999549 0.1315070000 0.0000999549 0.0000999549 0.1243570000 0.0000999549
43 43 (0) 11 : 0.0000999640 0.7727540000 0.0000999640 0.1120990000 0.0000999640 0.0014655100 0.1132810000 0.0000999640
44 44 (0) 11 : 0.0361444000 0.4999470000 0.0515755000 0.1409120000 0.0000999820 0.0143916000 0.2568300000 0.0000999820
45 45 (0) 12 : 0.0000999400 0.0000999400 0.0000999400 0.0000999400 0.0000999400 0.0000999400 0.9993000000 0.0000999400
46 46 (0) 12 : 0.0000999400 0.0000999400 0.0000999400 0.0000999400 0.0000999400 0.0000999400 0.9993000000 0.0000999400
47 47 (0) 12 : 0.0000999400 0.0000999400 0.0000999400 0.0000999400 0.0000999400 0.0000999400 0.9993000000 0.0000999400
48 48 (0) 12 : 0.0000999550 0.0000999550 0.0000999550 0.0000999550 0.0000999550 0.0006939570 0.9977810000 0.0010253800
1 1 (0) 1 : 0.0078350500 0.0000999730 0.0107314000 0.0000999730 0.0000999730 0.0344318000 0.9168300000 0.0298720000
2 2 (0) 1 : 0.0068241200 0.0000999730 0.0310449000 0.0000999730 0.0000999730 0.0185035000 0.9269920000 0.0163356000
3 3 (0) 1 : 0.0000999400 0.0000999400 0.0000999400 0.0000999400 0.0000999400 0.0000999400 0.9993000000 0.0000999400
4 4 (0) 1 : 0.0000999550 0.0032663600 0.0000999550 0.0000999550 0.0004267450 0.0000999550 0.9958070000 0.0000999550
5 5 (0) 2 : 0.0233036000 0.0000999639 0.0000999639 0.0000999639 0.0227640000 0.1628120000 0.0000999639 0.7907210000
6 6 (0) 2 : 0.0213125000 0.0000999550 0.0000999550 0.0000999550 0.0000999550 0.2213070000 0.0000999550 0.7568810000
7 7 (0) 2 : 0.0081233200 0.0000999550 0.0000999550 0.0000999550 0.0000999550 0.2059360000 0.0000999550 0.7854410000
8 8 (0) 2 : 0.0181959000 0.0000999730 0.0004104120 0.0000999730 0.0274565000 0.1644700000 0.0000999730 0.7891670000
9 9 (0) 3 : 0.0000999400 0.0000999400 0.0000999400 0.0000999400 0.0000999400 0.9993000000 0.0000999400 0.0000999400
10 10 (0) 3 : 0.0000999400 0.0000999400 0.0000999400 0.0000999400 0.0000999400 0.9993000000 0.0000999400 0.0000999400
11 11 (0) 3 : 0.0000999400 0.0000999400 0.0000999400 0.0000999400 0.0000999400 0.9993000000 0.0000999400 0.0000999400
12 12 (0) 3 : 0.0183529000 0.0327601000 0.0445158000 0.0145626000 0.0000999910 0.7869380000 0.0412785000 0.0614917000
13 13 (0) 4 : 0.0000999550 0.0000999550 0.1718170000 0.0000999550 0.0000999550 0.0000999550 0.1154910000 0.7121920000
14 14 (0) 4 : 0.0000999400 0.0000999400 0.0000999400 0.0000999400 0.0000999400 0.0000999400 0.0000999400 0.9993000000
15 15 (0) 4 : 0.0000999640 0.0000999640 0.0049684700 0.0094140000 0.0000999640 0.0000999640 0.0592058000 0.9260120000
16 16 (0) 4 : 0.0000999400 0.0000999400 0.0000999400 0.0000999400 0.0000999400 0.0000999400 0.0000999400 0.9993000000
17 17 (0) 5 : 0.9993000000 0.0000999400 0.0000999400 0.0000999400 0.0000999400 0.0000999400 0.0000999400 0.0000999400
18 18 (0) 5 : 0.9967950000 0.0000999460 0.0000999460 0.0000999460 0.0000999460 0.0000999460 0.0026052400 0.0000999460
19 19 (0) 5 : 0.9993000000 0.0000999400 0.0000999400 0.0000999400 0.0000999400 0.0000999400 0.0000999400 0.0000999400
20 20 (0) 5 : 0.9759640000 0.0222188000 0.0013170800 0.0000999550 0.0000999550 0.0000999550 0.0000999550 0.0000999550
21 21 (0) 6 : 0.0122912000 0.0000999730 0.0303247000 0.9375040000 0.0183870000 0.0000999730 0.0011931400 0.0000999730
22 22 (0) 6 : 0.0118280000 0.0000999640 0.0123386000 0.9681810000 0.0072529400 0.0000999640 0.0000999640 0.0000999640
23 23 (0) 6 : 0.0000999400 0.0000999400 0.0000999400 0.9993000000 0.0000999400 0.0000999400 0.0000999400 0.0000999400
24 24 (0) 6 : 0.0000999460 0.0000999460 0.0000999460 0.9969130000 0.0000999460 0.0000999460 0.0024876000 0.0000999460
25 25 (0) 7 : 0.0552025000 0.0000999639 0.0000999639 0.6562580000 0.0000999639 0.2109570000 0.0771834000 0.0000999639
26 26 (0) 7 : 0.0000999550 0.0000999550 0.0000999550 0.7295950000 0.0000999550 0.1190730000 0.1508320000 0.0000999550
27 27 (0) 7 : 0.0198307000 0.0000999640 0.0000999640 0.7315330000 0.0000999640 0.1217120000 0.1265250000 0.0000999640
28 28 (0) 7 : 0.0721115000 0.0000999730 0.0000999730 0.6115330000 0.0114629000 0.2063370000 0.0982552000 0.0000999730
29 29 (0) 8 : 0.0002058600 0.0524600000 0.0000999730 0.8416130000 0.0829155000 0.0000999730 0.0000999730 0.0225053000
30 30 (0) 8 : 0.0196665000 0.0335526000 0.0958416000 0.8492340000 0.0014053800 0.0000999730 0.0000999730 0.0000999730
31 31 (0) 8 : 0.0000999550 0.0583634000 0.0000999550 0.9334410000 0.0000999550 0.0000999550 0.0000999550 0.0076954300
32 32 (0) 8 : 0.0000999460 0.0229023000 0.0000999460 0.9764980000 0.0000999460 0.0000999460 0.0000999460 0.0000999460
33 33 (0) 9 : 0.0008820750 0.0000999730 0.9582290000 0.0133925000 0.0181236000 0.0000999730 0.0090729500 0.0000999730
34 34 (0) 9 : 0.0000999400 0.0000999400 0.9993000000 0.0000999400 0.0000999400 0.0000999400 0.0000999400 0.0000999400
35 35 (0) 9 : 0.0000999400 0.0000999400 0.9993000000 0.0000999400 0.0000999400 0.0000999400 0.0000999400 0.0000999400
36 36 (0) 9 : 0.0000999640 0.0000999640 0.9674530000 0.0103348000 0.0161490000 0.0000999640 0.0000999640 0.0056631900
37 37 (0) 10 : 0.0164417000 0.9221350000 0.0114833000 0.0000999730 0.0161556000 0.0334843000 0.0000999730 0.0000999730
38 38 (0) 10 : 0.0000999400 0.9993000000 0.0000999400 0.0000999400 0.0000999400 0.0000999400 0.0000999400 0.0000999400
39 39 (0) 10 : 0.0000999730 0.9203460000 0.0142088000 0.0000999730 0.0122998000 0.0000999730 0.0173591000 0.0354859000
40 40 (0) 10 : 0.0000999400 0.9993000000 0.0000999400 0.0000999400 0.0000999400 0.0000999400 0.0000999400 0.0000999400
41 41 (0) 11 : 0.0000999500 0.3534960000 0.0000999500 0.0351111000 0.6108930000 0.0000999500 0.0000999500 0.0000999500
42 42 (0) 11 : 0.0000999549 0.7260330000 0.0000999549 0.1355480000 0.1379190000 0.0000999549 0.0000999549 0.0000999549
43 43 (0) 11 : 0.0000999640 0.7407160000 0.0000999640 0.1236640000 0.1329440000 0.0000999640 0.0000999640 0.0022767600
44 44 (0) 11 : 0.0458788000 0.4731240000 0.0132128000 0.1461720000 0.2827650000 0.0353697000 0.0000999910 0.0033787600
45 45 (0) 12 : 0.0000999460 0.0000999460 0.0107400000 0.0000999460 0.9886600000 0.0000999460 0.0000999460 0.0000999460
46 46 (0) 12 : 0.0000999400 0.0000999400 0.0000999400 0.0000999400 0.9993000000 0.0000999400 0.0000999400 0.0000999400
47 47 (0) 12 : 0.0000999400 0.0000999400 0.0000999400 0.0000999400 0.9993000000 0.0000999400 0.0000999400 0.0000999400
48 48 (0) 12 : 0.0000999400 0.0000999400 0.0000999400 0.0000999400 0.9993000000 0.0000999400 0.0000999400 0.0000999400
1 1 (0) 1 : 0.0000999639 0.9071660000 0.0422710000 0.0000999639 0.0177248000 0.0324388000 0.0000999639 0.0000999639
2 2 (0) 1 : 0.0132703000 0.9265940000 0.0291508000 0.0000999730 0.0130224000 0.0176628000 0.0000999730 0.0000999730
3 3 (0) 1 : 0.0000999400 0.9993000000 0.0000999400 0.0000999400 0.0000999400 0.0000999400 0.0000999400 0.0000999400
4 4 (0) 1 : 0.0000999550 0.9926070000 0.0000999550 0.0014530900 0.0000999550 0.0000999550 0.0000999550 0.0054400100
5 5 (0) 2 : 0.2970320000 0.1001730000 0.1595490000 0.0000999730 0.0281182000 0.4148280000 0.0000999730 0.0000999730
6 6 (0) 2 : 0.2577450000 0.0975769000 0.1156770000 0.0000999730 0.0353555000 0.4933450000 0.0000999730 0.0000999730
7 7 (0) 2 : 0.2688860000 0.0945626000 0.1674390000 0.0000999730 0.0084363400 0.4603760000 0.0000999730 0.0000999730
8 8 (0) 2 : 0.3078020000 0.0975144000 0.1357360000 0.0000999729 0.0193875000 0.4392600000 0.0000999729 0.0000999729
9 9 (0) 3 : 0.0000999400 0.0000999400 0.0000999400 0.0000999400 0.0000999400 0.9993000000 0.0000999400 0.0000999400
10 10 (0) 3 : 0.0000999400 0.0000999400 0.0000999400 0.0000999400 0.0000999400 0.9993000000 0.0000999400 0.0000999400
11 11 (0) 3 : 0.0000999400 0.0000999400 0.0000999400 0.0000999400 0.0000999400 0.9993000000 0.0000999400 0.0000999400
12 12 (0) 3 : 0.0000999820 0.0477916000 0.0295312000 0.0337331000 0.0138499000 0.8171840000 0.0577108000 0.0000999820
13 13 (0) 4 : 0.1720120000 0.1468760000 0.6458570000 0.0000999639 0.0000999639 0.0348550000 0.0000999639 0.0000999639
14 14 (0) 4 : 0.0000999400 0.0000999400 0.9993000000 0.0000999400 0.0000999400 0.0000999400 0.0000999400 0.0000999400
15 15 (0) 4 : 0.0000999550 0.0306000000 0.9233210000 0.0000999550 0.0000999550 0.0000999550 0.0455793000 0.0000999550
16 16 (0) 4 : 0.0000999400 0.0000999400 0.9993000000 0.0000999400 0.0000999400 0.0000999400 0.0000999400 0.0000999400
17 17 (0) 5 : 0.0000999460 0.0000999460 0.0000999460 0.0000999460 0.9946850000 0.0000999460 0.0047156900 0.0000999460
18 18 (0) 5 : 0.0000999400 0.0000999400 0.0000999400 0.0000999400 0.9993000000 0.0000999400 0.0000999400 0.0000999400
19 19 (0) 5 : 0.0000999400 0.0000999400 0.0000999400 0.0000999400 0.9993000000 0.0000999400 0.0000999400 0.0000999400
20 20 (0) 5 : 0.0242478000 0.0057907900 0.0000999715 0.0000999715 0.9679270000 0.0016348100 0.0000999715 0.0000999715
21 21 (0) 6 : 0.0193441000 0.0016351700 0.0000999730 0.0000999730 0.0066847100 0.0000999730 0.9563530000 0.0156829000
22 22 (0) 6 : 0.0052546300 0.0000999550 0.0000999550 0.0000999550 0.0179487000 0.0000999550 0.9762970000 0.0000999550
23 23 (0) 6 : 0.0000999400 0.0000999400 0.0000999400 0.0000999400 0.0000999400 0.0000999400 0.9993000000 0.0000999400
24 24 (0) 6 : 0.0000999400 0.0000999400 0.0000999400 0.0000999400 0.0000999400 0.0000999400 0.9993000000 0.0000999400
25 25 (0) 7 : 0.0000999600 0.0726233000 0.0000999600 0.0000999600 0.0410801000 0.2342820000 0.6516150000 0.0000999600
26 26 (0) 7 : 0.0000999550 0.1404070000 0.0000999550 0.0000999550 0.0000999550 0.1406660000 0.7184280000 0.0000999550
27 27 (0) 7 : 0.0000999640 0.1001560000 0.0000999640 0.0000999640 0.0075135600 0.1590640000 0.7328670000 0.0000999640
28 28 (0) 7 : 0.0000999729 0.0743752000 0.0000999729 0.0000999729 0.0651014000 0.2304780000 0.6250390000 0.0047065400
29 29 (0) 8 : 0.0000999700 0.0000999700 0.0314010000 0.0723689000 0.0058788400 0.0000999700 0.8322930000 0.0577585000
30 30 (0) 8 : 0.0889788000 0.0000999820 0.0157549000 0.0279401000 0.0078503000 0.0000999820 0.8379630000 0.0213125000
31 31 (0) 8 : 0.0000999500 0.0000999500 0.0276016000 0.0387807000 0.0000999500 0.0000999500 0.9331180000 0.0000999500
32 32 (0) 8 : 0.0000999500 0.0000999500 0.0033998200 0.0358555000 0.0000999500 0.0000999500 0.9602450000 0.0000999500
33 33 (0) 9 : 0.9762040000 0.0000999550 0.0000999550 0.0000999550 0.0000999550 0.0000999550 0.0171305000 0.0061653600
34 34 (0) 9 : 0.9993000000 0.0000999400 0.0000999400 0.0000999400 0.0000999400 0.0000999400 0.0000999400 0.0000999400
35 35 (0) 9 : 0.9993000000 0.0000999400 0.0000999400 0.0000999400 0.0000999400 0.0000999400 0.0000999400 0.0000999400
36 36 (0) 9 : 0.9907170000 0.0000999550 0.0000999550 0.0000999550 0.0000999550 0.0000999550 0.0075886200 0.0011950800
37 37 (0) 10 : 0.0041764400 0.0109579000 0.0000999900 0.9065240000 0.0284541000 0.0242851000 0.0065995200 0.0189031000
38 38 (0) 10 : 0.0000999400 0.0000999400 0.0000999400 0.9993000000 0.0000999400 0.0000999400 0.0000999400 0.0000999400
39 39 (0) 10 : 0.0000999700 0.0229972000 0.0278822000 0.9286600000 0.0097692900 0.0103910000 0.0000999700 0.0000999700
40 40 (0) 10 : 0.0000999400 0.0000999400 0.0000999400 0.9993000000 0.0000999400 0.0000999400 0.0000999400 0.0000999400
41 41 (0) 11 : 0.0000999550 0.0000999550 0.0000999550 0.3588750000 0.0000999550 0.0000999550 0.0351838000 0.6054410000
42 42 (0) 11 : 0.0000999550 0.0000999550 0.0000999550 0.7046860000 0.0000999550 0.0000999550 0.1404830000 0.1543320000
43 43 (0) 11 : 0.0000999549 0.0000999549 0.0000999549 0.7489250000 0.0000999549 0.0000999549 0.1184570000 0.1321180000
44 44 (0) 11 : 0.0412096000 0.0000999910 0.0015788600 0.4466280000 0.0232837000 0.0306552000 0.1667780000 0.2897660000
45 45 (0) 12 : 0.0002982910 0.0000999460 0.0000999460 0.0000999460 0.0000999460 0.0000999460 0.0000999460 0.9991020000
46 46 (0) 12 : 0.0000999400 0.0000999400 0.0000999400 0.0000999400 0.0000999400 0.0000999400 0.0000999400 0.9993000000
47 47 (0) 12 : 0.0000999400 0.0000999400 0.0000999400 0.0000999400 0.0000999400 0.0000999400 0.0000999400 0.9993000000
48 48 (0) 12 : 0.0000999400 0.0000999400 0.0000999400 0.0000999400 0.0000999400 0.0000999400 0.0000999400 0.9993000000
1 1 (0) 1 : 0.0000999639 0.0332714000 0.0310550000 0.0000999639 0.0000999639 0.0603262000 0.8749470000 0.0000999639
2 2 (0) 1 : 0.0000999730 0.0218127000 0.0256711000 0.0000999730 0.0000999730 0.0333859000 0.8892600000 0.0295703000
3 3 (0) 1 : 0.0000999400 0.0000999400 0.0000999400 0.0000999400 0.0000999400 0.0000999400 0.9993000000 0.0000999400
4 4 (0) 1 : 0.0000999460 0.0000999460 0.0000999460 0.0000999460 0.0044280700 0.0000999460 0.9949720000 0.0000999460
5 5 (0) 2 : 0.0000999639 0.0399550000 0.1547340000 0.0000999639 0.0183378000 0.7865740000 0.0000999639 0.0000999639
6 6 (0) 2 : 0.0000999550 0.0427852000 0.2284690000 0.0000999550 0.0000999550 0.7282460000 0.0000999550 0.0000999550
7 7 (0) 2 : 0.0000999550 0.0276782000 0.2128340000 0.0000999550 0.0000999550 0.7589880000 0.0000999550 0.0000999550
8 8 (0) 2 : 0.0000999730 0.0253574000 0.1692520000 0.0000999730 0.0212311000 0.7764380000 0.0000999730 0.0074217000
9 9 (0) 3 : 0.0000999400 0.0000999400 0.9993000000 0.0000999400 0.0000999400 0.0000999400 0.0000999400 0.0000999400
10 10 (0) 3 : 0.0000999400 0.0000999400 0.9993000000 0.0000999400 0.0000999400 0.0000999400 0.0000999400 0.0000999400
11 11 (0) 3 : 0.0000999400 0.0000999400 0.9993000000 0.0000999400 0.0000999400 0.0000999400 0.0000999400 0.0000999400
12 12 (0) 3 : 0.0377706000 0.0138840000 0.7896010000 0.0282012000 0.0000999910 0.0386364000 0.0494085000 0.0423982000
13 13 (0) 4 : 0.0000999549 0.0000999549 0.0000999549 0.0000999549 0.0000999549 0.7296240000 0.1272560000 0.1426200000
14 14 (0) 4 : 0.0000999400 0.0000999400 0.0000999400 0.0000999400 0.0000999400 0.9993000000 0.0000999400 0.0000999400
15 15 (0) 4 : 0.0000999550 0.0000999550 0.0000999550 0.0196092000 0.0000999550 0.9225520000 0.0573392000 0.0000999550
16 16 (0) 4 : 0.0000999400 0.0000999400 0.0000999400 0.0000999400 0.0000999400 0.9993000000 0.0000999400 0.0000999400
17 17 (0) 5 : 0.0000999400 0.9993000000 0.0000999400 0.0000999400 0.0000999400 0.0000999400 0.0000999400 0.0000999400
18 18 (0) 5 : 0.0000999400 0.9993000000 0.0000999400 0.0000999400 0.0000999400 0.0000999400 0.0000999400 0.0000999400
19 19 (0) 5 : 0.0000999400 0.9993000000 0.0000999400 0.0000999400 0.0000999400 0.0000999400 0.0000999400 0.0000999400
20 20 (0) 5 : 0.0164074000 0.9639740000 0.0052307800 0.0000999730 0.0000999730 0.0000999730 0.0041324700 0.0099555400
21 21 (0) 6 : 0.0000999729 0.0140859000 0.0000999729 0.9370370000 0.0179463000 0.0000999729 0.0066533200 0.0239779000
22 22 (0) 6 : 0.0000999460 0.0070176400 0.0000999460 0.9923830000 0.0000999460 0.0000999460 0.0000999460 0.0000999460
23 23 (0) 6 : 0.0000999400 0.0000999400 0.0000999400 0.9993000000 0.0000999400 0.0000999400 0.0000999400 0.0000999400
24 24 (0) 6 : 0.0000999400 0.0000999400 0.0000999400 0.9993000000 0.0000999400 0.0000999400 0.0000999400 0.0000999400
25 25 (0) 7 : 0.0000999730 0.0624285000 0.2179580000 0.6382630000 0.0000999730 0.0135139000 0.0675368000 0.0000999730
26 26 (0) 7 : 0.0001718980 0.0101256000 0.1530650000 0.7378190000 0.0000999730 0.0000999730 0.0985190000 0.0000999730
27 27 (0) 7 : 0.0000999640 0.0331869000 0.1458970000 0.7155020000 0.0000999640 0.0000999640 0.1050140000 0.0000999640
28 28 (0) 7 : 0.0000999730 0.0741356000 0.2289980000 0.6158570000 0.0066816600 0.0000999730 0.0740282000 0.0000999730
29 29 (0) 8 : 0.0858141000 0.0053438700 0.0000999730 0.8489180000 0.0501716000 0.0094524100 0.0000999730 0.0000999730
30 30 (0) 8 : 0.0296242000 0.0062732400 0.0000999820 0.8425880000 0.0252920000 0.0069900000 0.0000999820 0.0890324000
31 31 (0) 8 : 0.0175656000 0.0000999640 0.0000999640 0.9581130000 0.0212894000 0.0026322800 0.0000999640 0.0000999640
32 32 (0) 8 : 0.0316914000 0.0000999460 0.0000999460 0.9677090000 0.0000999460 0.0000999460 0.0000999460 0.0000999460
33 33 (0) 9 : 0.0000999640 0.0084323800 0.0000999640 0.0069684900 0.0170661000 0.0000999640 0.0000999640 0.9671330000
34 34 (0) 9 : 0.0000999400 0.0000999400 0.0000999400 0.0000999400 0.0000999400 0.0000999400 0.0000999400 0.9993000000
35 35 (0) 9 : 0.0000999400 0.0000999400 0.0000999400 0.0000999400 0.0000999400 0.0000999400 0.0000999400 0.9993000000
36 36 (0) 9 : 0.0000999550 0.0000999550 0.0000999550 0.0000999550 0.0120306000 0.0179774000 0.0000999550 0.9694920000
37 37 (0) 10 : 0.9226380000 0.0310360000 0.0240426000 0.0008270950 0.0166727000 0.0045832200 0.0000999820 0.0000999820
38 38 (0) 10 : 0.9993000000 0.0000999400 0.0000999400 0.0000999400 0.0000999400 0.0000999400 0.0000999400 0.0000999400
39 39 (0) 10 : 0.9291820000 0.0000999820 0.0109746000 0.0062394800 0.0000999820 0.0162180000 0.0043013100 0.0328852000
40 40 (0) 10 : 0.9993000000 0.0000999400 0.0000999400 0.0000999400 0.0000999400 0.0000999400 0.0000999400 0.0000999400
41 41 (0) 11 : 0.3340200000 0.0000999550 0.0000999550 0.0469906000 0.6184900000 0.0000999550 0.0000999550 0.0000999550
42 42 (0) 11 : 0.7014110000 0.0000999550 0.0000999550 0.1545600000 0.1435300000 0.0000999550 0.0000999550 0.0000999550
43 43 (0) 11 : 0.7201630000 0.0000999550 0.0000999550 0.1374290000 0.1419080000 0.0000999550 0.0000999550 0.0000999550
44 44 (0) 11 : 0.4518920000 0.0262863000 0.0315354000 0.1639180000 0.2859640000 0.0084012000 0.0000999900 0.0319041000
45 45 (0) 12 : 0.0000999460 0.0000999460 0.0000999460 0.0000999460 0.9919850000 0.0000999460 0.0000999460 0.0074152500
46 46 (0) 12 : 0.0000999400 0.0000999400 0.0000999400 0.0000999400 0.9993000000 0.0000999400 0.0000999400 0.0000999400
47 47 (0) 12 : 0.0000999400 0.0000999400 0.0000999400 0.0000999400 0.9993000000 0.0000999400 0.0000999400 0.0000999400
48 48 (0) 12 : 0.0000999460 0.0000999460 0.0000999460 0.0000999460 0.9979800000 0.0014202500 0.0000999460 0.0000999460
