1 1 (0) 1 : 0.0547043000 0.000099991 0.0574663000 0.0631533000 0.6960050000 0.1285710000
2 2 (0) 1 : 0.0642480000 0.000099991 0.0601353000 0.0430800000 0.6953150000 0.1371220000
3 3 (0) 1 : 0.0253784000 0.000099991 0.0130634000 0.1255770000 0.7182860000 0.1175950000
4 4 (0) 1 : 0.0363594000 0.000099982 0.0000999820 0.1217830000 0.6720490000 0.1696090000
5 5 (0) 2 : 0.0449268000 0.095668700 0.2650160000 0.0000999820 0.5941880000 0.0000999820
6 6 (0) 2 : 0.0269610000 0.053660000 0.2989820000 0.0000999820 0.6201970000 0.0000999820
7 7 (0) 2 : 0.0123399000 0.077692000 0.2749350000 0.0000999820 0.6348330000 0.0000999820
8 8 (0) 2 : 0.0284849000 0.121587000 0.2653340000 0.0000999820 0.5843940000 0.0000999820
9 9 (0) 3 : 0.0000999600 0.000099960 0.9995000000 0.0000999600 0.0000999600 0.0000999600
10 10 (0) 3 : 0.0000999600 0.000099960 0.9995000000 0.0000999600 0.0000999600 0.0000999600
11 11 (0) 3 : 0.0000999600 0.000099960 0.9995000000 0.0000999600 0.0000999600 0.0000999600
12 12 (0) 3 : 0.0244450000 0.024258100 0.8024390000 0.0210757000 0.0789481000 0.0488344000
13 13 (0) 4 : 0.0000999639 0.207417000 0.0000999639 0.0000999639 0.7921830000 0.0000999639
14 14 (0) 4 : 0.0000999639 0.030434800 0.0000999639 0.0000999639 0.9691650000 0.0000999639
15 15 (0) 4 : 0.0000999639 0.050404500 0.0000999639 0.0000999639 0.9491960000 0.0000999639
16 16 (0) 4 : 0.0000999639 0.022337200 0.0000999639 0.0000999639 0.9772630000 0.0000999639
17 17 (0) 5 : 0.9995000000 0.000099960 0.0000999600 0.0000999600 0.0000999600 0.0000999600
18 18 (0) 5 : 0.9959640000 0.000099964 0.0000999640 0.0000999640 0.0036356700 0.0000999640
19 19 (0) 5 : 0.9957990000 0.002369360 0.0000999730 0.0015321400 0.0000999730 0.0000999730
20 20 (0) 5 : 0.9905870000 0.004723050 0.0000999730 0.0043905100 0.0000999730 0.0000999730
21 21 (0) 6 : 0.0234481000 0.037013600 0.0000999729 0.0000999729 0.0000999729 0.9392380000
22 22 (0) 6 : 0.0021548500 0.019698300 0.0000999730 0.0000999730 0.0000999730 0.9778470000
23 23 (0) 6 : 0.0000999640 0.004434670 0.0000999640 0.0000999640 0.0000999640 0.9951650000
24 24 (0) 6 : 0.0000999640 0.029595600 0.0000999640 0.0000999640 0.0000999640 0.9700050000
25 25 (0) 7 : 0.0666288000 0.000099982 0.2141060000 0.0000999820 0.0348006000 0.6842640000
26 26 (0) 7 : 0.0146168000 0.000099982 0.1410870000 0.0000999820 0.0614746000 0.7826210000
27 27 (0) 7 : 0.0329633000 0.000099982 0.1531720000 0.0000999820 0.0424373000 0.7712270000
28 28 (0) 7 : 0.0740759000 0.000099982 0.2293100000 0.0000999820 0.0182336000 0.6781810000
29 29 (0) 8 : 0.0000999730 0.018787500 0.0000999730 0.1438040000 0.0000999730 0.8371080000
30 30 (0) 8 : 0.0070456300 0.111959000 0.0000999820 0.0346092000 0.0000999820 0.8461860000
31 31 (0) 8 : 0.0000999640 0.000099964 0.0000999640 0.0358291000 0.0000999640 0.9637710000
32 32 (0) 8 : 0.0000999640 0.000099964 0.0000999640 0.0241242000 0.0000999640 0.9754760000
33 33 (0) 9 : 0.0004061280 0.973350000 0.0000999820 0.0249987000 0.0000999820 0.0010456100
34 34 (0) 9 : 0.0000999600 0.999500000 0.0000999600 0.0000999600 0.0000999600 0.0000999600
35 35 (0) 9 : 0.0000999600 0.999500000 0.0000999600 0.0000999600 0.0000999600 0.0000999600
36 36 (0) 9 : 0.0000999820 0.971738000 0.0155765000 0.0082219200 0.0000999820 0.0042640500
37 37 (0) 10 : 0.0274542000 0.024739400 0.0256747000 0.7621390000 0.1080030000 0.0519888000
38 38 (0) 10 : 0.0080619500 0.006943620 0.0030646800 0.8450460000 0.1367840000 0.0000999910
39 39 (0) 10 : 0.0274491000 0.016713400 0.0136036000 0.7392360000 0.1461570000 0.0568413000
40 40 (0) 10 : 0.0182511000 0.000099982 0.0141673000 0.8549220000 0.1124600000 0.0000999820
41 41 (0) 11 : 0.0000999640 0.000099964 0.0000999640 0.9476900000 0.0000999640 0.0519106000
42 42 (0) 11 : 0.0000999730 0.000099973 0.0000999730 0.7541540000 0.0298185000 0.2157270000
43 43 (0) 11 : 0.0000999820 0.003807440 0.0000999820 0.7457310000 0.0549108000 0.1953510000
44 44 (0) 11 : 0.0554430000 0.073812600 0.0305641000 0.6991250000 0.0000999910 0.1409550000
45 45 (0) 12 : 0.0000999639 0.001160980 0.0000999639 0.9984390000 0.0000999639 0.0000999639
46 46 (0) 12 : 0.0000999600 0.000099960 0.0000999600 0.9995000000 0.0000999600 0.0000999600
47 47 (0) 12 : 0.0000999600 0.000099960 0.0000999600 0.9995000000 0.0000999600 0.0000999600
48 48 (0) 12 : 0.0000999600 0.000099960 0.0000999600 0.9995000000 0.0000999600 0.0000999600
1 1 (0) 1 : 0.0720569000 0.6470800000 0.1303800000 0.0642509000 0.000099991 0.0861317000
2 2 (0) 1 : 0.0809699000 0.6494270000 0.1208530000 0.0678571000 0.000099991 0.0807935000
3 3 (0) 1 : 0.0136588000 0.6755230000 0.1365250000 0.1356350000 0.000099991 0.0385580000
4 4 (0) 1 : 0.0334485000 0.6722250000 0.1372950000 0.1338570000 0.000099991 0.0230753000
5 5 (0) 2 : 0.0453046000 0.4785070000 0.0000999910 0.0021054800 0.154314000 0.3196690000
6 6 (0) 2 : 0.0400987000 0.4460430000 0.0000999820 0.0000999820 0.123085000 0.3905730000
7 7 (0) 2 : 0.0280006000 0.4645740000 0.0000999820 0.0000999820 0.126384000 0.3808410000
8 8 (0) 2 : 0.0280639000 0.4506650000 0.0000999820 0.0000999820 0.195041000 0.3260310000
9 9 (0) 3 : 0.0000999600 0.0000999600 0.0000999600 0.0000999600 0.000099960 0.9995000000
10 10 (0) 3 : 0.0000999600 0.0000999600 0.0000999600 0.0000999600 0.000099960 0.9995000000
11 11 (0) 3 : 0.0000999600 0.0000999600 0.0000999600 0.0000999600 0.000099960 0.9995000000
12 12 (0) 3 : 0.0177865000 0.0348023000 0.0774076000 0.0107056000 0.035186900 0.8241110000
13 13 (0) 4 : 0.0008137130 0.8233490000 0.0000999729 0.0000999729 0.175537000 0.0000999729
14 14 (0) 4 : 0.0000999639 0.9902440000 0.0000999639 0.0000999639 0.009356330 0.0000999639
15 15 (0) 4 : 0.0000999639 0.9800990000 0.0000999639 0.0000999639 0.019501600 0.0000999639
16 16 (0) 4 : 0.0000999600 0.9995000000 0.0000999600 0.0000999600 0.000099960 0.0000999600
17 17 (0) 5 : 0.9995000000 0.0000999600 0.0000999600 0.0000999600 0.000099960 0.0000999600
18 18 (0) 5 : 0.9995000000 0.0000999600 0.0000999600 0.0000999600 0.000099960 0.0000999600
19 19 (0) 5 : 0.9995000000 0.0000999600 0.0000999600 0.0000999600 0.000099960 0.0000999600
20 20 (0) 5 : 0.9842800000 0.0000999730 0.0000999730 0.0042922300 0.011127400 0.0000999730
21 21 (0) 6 : 0.0007501120 0.0000999820 0.9453660000 0.0078096200 0.045874400 0.0000999820
22 22 (0) 6 : 0.0033562900 0.0000999730 0.9778050000 0.0000999730 0.018538500 0.0000999730
23 23 (0) 6 : 0.0000999640 0.0000999640 0.9940200000 0.0000999640 0.005580150 0.0000999640
24 24 (0) 6 : 0.0000999640 0.0000999640 0.9641220000 0.0000999640 0.035478000 0.0000999640
25 25 (0) 7 : 0.0685416000 0.0155180000 0.6833070000 0.0000999820 0.000099982 0.2324340000
26 26 (0) 7 : 0.0154854000 0.0462324000 0.7803240000 0.0000999820 0.000099982 0.1577590000
27 27 (0) 7 : 0.0295083000 0.0141324000 0.7834500000 0.0000999820 0.000099982 0.1727090000
28 28 (0) 7 : 0.0966044000 0.0088423400 0.6541180000 0.0002837410 0.000099991 0.2400510000
29 29 (0) 8 : 0.0132334000 0.0000999820 0.8472450000 0.1265350000 0.012786500 0.0000999820
30 30 (0) 8 : 0.0103423000 0.0000999820 0.8457260000 0.0309801000 0.112752000 0.0000999820
31 31 (0) 8 : 0.0000999640 0.0000999640 0.9586230000 0.0409772000 0.000099964 0.0000999640
32 32 (0) 8 : 0.0000999640 0.0000999640 0.9708060000 0.0287940000 0.000099964 0.0000999640
33 33 (0) 9 : 0.0039695800 0.0000999820 0.0268148000 0.0115416000 0.957474000 0.0000999820
34 34 (0) 9 : 0.0000999600 0.0000999600 0.0000999600 0.0000999600 0.999500000 0.0000999600
35 35 (0) 9 : 0.0000999600 0.0000999600 0.0000999600 0.0000999600 0.999500000 0.0000999600
36 36 (0) 9 : 0.0000999698 0.0000999698 0.0048369500 0.0000999698 0.994763000 0.0000999698
37 37 (0) 10 : 0.0187912000 0.0921304000 0.0563429000 0.7617760000 0.024524700 0.0464350000
38 38 (0) 10 : 0.0037669600 0.1238550000 0.0000999910 0.8540330000 0.001747930 0.0164974000
39 39 (0) 10 : 0.0355823000 0.1363450000 0.0597539000 0.7379130000 0.005869140 0.0245368000
40 40 (0) 10 : 0.0056170100 0.1108750000 0.0000999910 0.8482250000 0.017473100 0.0177105000
41 41 (0) 11 : 0.0003647290 0.0000999730 0.0502275000 0.9491080000 0.000099973 0.0000999730
42 42 (0) 11 : 0.0000999820 0.0091149000 0.2011730000 0.7526520000 0.036859900 0.0000999820
43 43 (0) 11 : 0.0000999900 0.0330280000 0.1650150000 0.7592770000 0.029393800 0.0131861000
44 44 (0) 11 : 0.0208797000 0.0000999910 0.1720600000 0.6878630000 0.070318900 0.0487787000
45 45 (0) 12 : 0.0000999640 0.0000999640 0.0000999640 0.9835370000 0.016063400 0.0000999640
46 46 (0) 12 : 0.0000999600 0.0000999600 0.0000999600 0.9995000000 0.000099960 0.0000999600
47 47 (0) 12 : 0.0000999600 0.0000999600 0.0000999600 0.9995000000 0.000099960 0.0000999600
48 48 (0) 12 : 0.0000999600 0.0000999600 0.0000999600 0.9995000000 0.000099960 0.0000999600
1 1 (0) 1 : 0.1373690000 0.572929000 0.0656796000 0.1484380000 0.0754838000 0.000099991
2 2 (0) 1 : 0.1317620000 0.573776000 0.0780292000 0.1531060000 0.0632264000 0.000099991
3 3 (0) 1 : 0.0760410000 0.602488000 0.0352593000 0.1565540000 0.1295580000 0.000099991
4 4 (0) 1 : 0.0727306000 0.590281000 0.0429770000 0.1647480000 0.1291640000 0.000099991
5 5 (0) 2 : 0.3662550000 0.322986000 0.0285013000 0.0000999820 0.0000999820 0.282058000
6 6 (0) 2 : 0.4556980000 0.263347000 0.0355087000 0.0000999820 0.0000999820 0.245246000
7 7 (0) 2 : 0.4147190000 0.316956000 0.0102797000 0.0000999820 0.0000999820 0.257845000
8 8 (0) 2 : 0.3855860000 0.308608000 0.0149966000 0.0000999820 0.0000999820 0.290609000
9 9 (0) 3 : 0.9995000000 0.000099960 0.0000999600 0.0000999600 0.0000999600 0.000099960
10 10 (0) 3 : 0.9995000000 0.000099960 0.0000999600 0.0000999600 0.0000999600 0.000099960
11 11 (0) 3 : 0.9995000000 0.000099960 0.0000999600 0.0000999600 0.0000999600 0.000099960
12 12 (0) 3 : 0.8079160000 0.072961900 0.0104963000 0.0648691000 0.0303936000 0.013363100
13 13 (0) 4 : 0.0110880000 0.793327000 0.0043307200 0.0000999820 0.0000999820 0.191055000
14 14 (0) 4 : 0.0000999600 0.999500000 0.0000999600 0.0000999600 0.0000999600 0.000099960
15 15 (0) 4 : 0.0000999639 0.972548000 0.0000999639 0.0000999639 0.0000999639 0.027051900
16 16 (0) 4 : 0.0000999600 0.999500000 0.0000999600 0.0000999600 0.0000999600 0.000099960
17 17 (0) 5 : 0.0000999600 0.000099960 0.9995000000 0.0000999600 0.0000999600 0.000099960
18 18 (0) 5 : 0.0000999600 0.000099960 0.9995000000 0.0000999600 0.0000999600 0.000099960
19 19 (0) 5 : 0.0000999600 0.000099960 0.9995000000 0.0000999600 0.0000999600 0.000099960
20 20 (0) 5 : 0.0000999730 0.000099973 0.9759330000 0.0000999730 0.0097243800 0.014042700
21 21 (0) 6 : 0.0000999820 0.000099982 0.0155202000 0.9424230000 0.0069546100 0.034902200
22 22 (0) 6 : 0.0000999730 0.000099973 0.0046869300 0.9917720000 0.0000999730 0.003241520
23 23 (0) 6 : 0.0000999640 0.000099964 0.0000999640 0.9987000000 0.0000999640 0.000899658
24 24 (0) 6 : 0.0000999640 0.000099964 0.0000999640 0.9895690000 0.0000999640 0.010031500
25 25 (0) 7 : 0.2535860000 0.001710640 0.0770799000 0.6674240000 0.0000999820 0.000099982
26 26 (0) 7 : 0.1928230000 0.022797500 0.0000999730 0.7840790000 0.0000999730 0.000099973
27 27 (0) 7 : 0.1962830000 0.007745820 0.0057438300 0.7900270000 0.0000999820 0.000099982
28 28 (0) 7 : 0.2552590000 0.024292200 0.0775600000 0.6307350000 0.0120537000 0.000099991
29 29 (0) 8 : 0.0000999820 0.000099982 0.0025350000 0.8541110000 0.1198620000 0.023291400
30 30 (0) 8 : 0.0000999820 0.000099982 0.0074974700 0.8426550000 0.0375611000 0.112087000
31 31 (0) 8 : 0.0000999730 0.012398800 0.0000999730 0.9555510000 0.0317503000 0.000099973
32 32 (0) 8 : 0.0000999640 0.000099964 0.0000999640 0.9858110000 0.0137891000 0.000099964
33 33 (0) 9 : 0.0000999730 0.000099973 0.0000999730 0.0318768000 0.0036824500 0.964141000
34 34 (0) 9 : 0.0000999600 0.000099960 0.0000999600 0.0000999600 0.0000999600 0.999500000
35 35 (0) 9 : 0.0000999600 0.000099960 0.0000999600 0.0000999600 0.0000999600 0.999500000
36 36 (0) 9 : 0.0000999640 0.000099964 0.0000999640 0.0107218000 0.0000999640 0.988878000
37 37 (0) 10 : 0.0491779000 0.097732400 0.0291459000 0.0271014000 0.7506810000 0.046161800
38 38 (0) 10 : 0.0213952000 0.123082000 0.0076207800 0.0000999910 0.8420500000 0.005751850
39 39 (0) 10 : 0.0417569000 0.137293000 0.0013866200 0.0762915000 0.7431720000 0.000099991
40 40 (0) 10 : 0.0334622000 0.127405000 0.0130915000 0.0000999820 0.8258410000 0.000099982
41 41 (0) 11 : 0.0000999640 0.000099964 0.0000999640 0.0401609000 0.9594390000 0.000099964
42 42 (0) 11 : 0.0000999820 0.015629600 0.0000999820 0.1909600000 0.7723120000 0.020898300
43 43 (0) 11 : 0.0151812000 0.035217400 0.0000999910 0.1737620000 0.7565250000 0.019214400
44 44 (0) 11 : 0.0340827000 0.000099991 0.0491619000 0.1598520000 0.7018630000 0.054939900
45 45 (0) 12 : 0.0000999600 0.000099960 0.0000999600 0.0000999600 0.9995000000 0.000099960
46 46 (0) 12 : 0.0000999600 0.000099960 0.0000999600 0.0000999600 0.9995000000 0.000099960
47 47 (0) 12 : 0.0000999600 0.000099960 0.0000999600 0.0000999600 0.9995000000 0.000099960
48 48 (0) 12 : 0.0000999600 0.000099960 0.0000999600 0.0000999600 0.9995000000 0.000099960
1 1 (0) 1 : 0.0978596000 0.000099991 0.1176080000 0.6557600000 0.0610364000 0.0676361000
2 2 (0) 1 : 0.0955024000 0.000099991 0.0977352000 0.6551930000 0.0715184000 0.0799513000
3 3 (0) 1 : 0.0461835000 0.000099991 0.1199980000 0.6383780000 0.0339264000 0.1614140000
4 4 (0) 1 : 0.0632652000 0.000099991 0.1615350000 0.5950860000 0.0511913000 0.1288220000
5 5 (0) 2 : 0.3876930000 0.195534000 0.0000999820 0.3779240000 0.0386496000 0.0000999820
6 6 (0) 2 : 0.4518300000 0.154112000 0.0000999820 0.3493960000 0.0444615000 0.0000999820
7 7 (0) 2 : 0.4204350000 0.172764000 0.0000999820 0.3845890000 0.0220127000 0.0000999820
8 8 (0) 2 : 0.3790830000 0.206040000 0.0000999820 0.3863530000 0.0283245000 0.0000999820
9 9 (0) 3 : 0.9995000000 0.000099960 0.0000999600 0.0000999600 0.0000999600 0.0000999600
10 10 (0) 3 : 0.9995000000 0.000099960 0.0000999600 0.0000999600 0.0000999600 0.0000999600
11 11 (0) 3 : 0.9995000000 0.000099960 0.0000999600 0.0000999600 0.0000999600 0.0000999600
12 12 (0) 3 : 0.8201170000 0.031185000 0.0748559000 0.0257100000 0.0254069000 0.0227256000
13 13 (0) 4 : 0.0075725900 0.211940000 0.0000999820 0.7771720000 0.0031155000 0.0000999820
14 14 (0) 4 : 0.0000999639 0.005475790 0.0000999639 0.9941240000 0.0000999639 0.0000999639
15 15 (0) 4 : 0.0000999639 0.017183900 0.0000999639 0.9824160000 0.0000999639 0.0000999639
16 16 (0) 4 : 0.0000999600 0.000099960 0.0000999600 0.9995000000 0.0000999600 0.0000999600
17 17 (0) 5 : 0.0000999600 0.000099960 0.0000999600 0.0000999600 0.9995000000 0.0000999600
18 18 (0) 5 : 0.0000999600 0.000099960 0.0000999600 0.0000999600 0.9995000000 0.0000999600
19 19 (0) 5 : 0.0000999600 0.000099960 0.0000999600 0.0000999600 0.9995000000 0.0000999600
20 20 (0) 5 : 0.0000999730 0.008322730 0.0000999730 0.0000999730 0.9829490000 0.0084287300
21 21 (0) 6 : 0.0000999730 0.036894600 0.9580710000 0.0000999730 0.0047342400 0.0000999730
22 22 (0) 6 : 0.0000999640 0.000099964 0.9923810000 0.0000999640 0.0072190900 0.0000999640
23 23 (0) 6 : 0.0000999600 0.000099960 0.9995000000 0.0000999600 0.0000999600 0.0000999600
24 24 (0) 6 : 0.0000999640 0.000929190 0.9986710000 0.0000999640 0.0000999640 0.0000999640
25 25 (0) 7 : 0.2420180000 0.000099982 0.6737310000 0.0023867600 0.0816649000 0.0000999820
26 26 (0) 7 : 0.1481170000 0.000099991 0.7976630000 0.0456245000 0.0026696300 0.0058256900
27 27 (0) 7 : 0.1797980000 0.000099982 0.7710670000 0.0319670000 0.0169682000 0.0000999820
28 28 (0) 7 : 0.2424450000 0.000099991 0.6666470000 0.0001950480 0.0721557000 0.0184579000
29 29 (0) 8 : 0.0000999820 0.031057800 0.8173130000 0.0000999820 0.0005028360 0.1509260000
30 30 (0) 8 : 0.0000999900 0.100512000 0.8458170000 0.0019698400 0.0091658300 0.0424354000
31 31 (0) 8 : 0.0000999730 0.000099973 0.9407440000 0.0200133000 0.0000999730 0.0389427000
32 32 (0) 8 : 0.0000999640 0.000099964 0.9710050000 0.0000999640 0.0000999640 0.0285950000
33 33 (0) 9 : 0.0000999820 0.974471000 0.0181781000 0.0031386000 0.0040126700 0.0000999820
34 34 (0) 9 : 0.0000999600 0.999500000 0.0000999600 0.0000999600 0.0000999600 0.0000999600
35 35 (0) 9 : 0.0000999600 0.999500000 0.0000999600 0.0000999600 0.0000999600 0.0000999600
36 36 (0) 9 : 0.0000999640 0.990732000 0.0088681700 0.0000999640 0.0000999640 0.0000999640
37 37 (0) 10 : 0.0518305000 0.032046000 0.0413967000 0.0772576000 0.0355524000 0.7619170000
38 38 (0) 10 : 0.0012494200 0.000099991 0.0336116000 0.1096970000 0.0075663400 0.8477760000
39 39 (0) 10 : 0.0201567000 0.009316440 0.0692138000 0.1364320000 0.0003611220 0.7645200000
40 40 (0) 10 : 0.0162531000 0.000099991 0.0118525000 0.1186620000 0.0046905700 0.8484420000
41 41 (0) 11 : 0.0000999640 0.000099964 0.0252373000 0.0000999640 0.0000999640 0.9743630000
42 42 (0) 11 : 0.0000999910 0.009030950 0.1801140000 0.0297869000 0.0038041800 0.7771640000
43 43 (0) 11 : 0.0018236100 0.012608200 0.1785460000 0.0394997000 0.0000999910 0.7674220000
44 44 (0) 11 : 0.0393734000 0.070092800 0.1249100000 0.0000999910 0.0443225000 0.7212010000
45 45 (0) 12 : 0.0000999639 0.023824200 0.0000999639 0.0000999639 0.0000999639 0.9757760000
46 46 (0) 12 : 0.0000999600 0.000099960 0.0000999600 0.0000999600 0.0000999600 0.9995000000
47 47 (0) 12 : 0.0000999600 0.000099960 0.0000999600 0.0000999600 0.0000999600 0.9995000000
48 48 (0) 12 : 0.0000999600 0.000099960 0.0000999600 0.0000999600 0.0000999600 0.9995000000
1 1 (0) 1 : 0.1183990000 0.6226700000 0.000099991 0.1267390000 0.0736344000 0.0584577000
2 2 (0) 1 : 0.1032420000 0.6386690000 0.000099991 0.1398370000 0.0679151000 0.0502370000
3 3 (0) 1 : 0.0763749000 0.6346580000 0.000099991 0.1380820000 0.0122216000 0.1385630000
4 4 (0) 1 : 0.0712004000 0.6136020000 0.000099991 0.1615290000 0.0201287000 0.1334400000
5 5 (0) 2 : 0.4103530000 0.2591560000 0.305521000 0.0000999820 0.0247700000 0.0000999820
6 6 (0) 2 : 0.4719740000 0.2518690000 0.248533000 0.0000999820 0.0274236000 0.0000999820
7 7 (0) 2 : 0.4642890000 0.2597810000 0.265550000 0.0000999820 0.0101809000 0.0000999820
8 8 (0) 2 : 0.3899860000 0.2572220000 0.319421000 0.0000999820 0.0331708000 0.0000999820
9 9 (0) 3 : 0.9995000000 0.0000999600 0.000099960 0.0000999600 0.0000999600 0.0000999600
10 10 (0) 3 : 0.9995000000 0.0000999600 0.000099960 0.0000999600 0.0000999600 0.0000999600
11 11 (0) 3 : 0.9995000000 0.0000999600 0.000099960 0.0000999600 0.0000999600 0.0000999600
12 12 (0) 3 : 0.8058000000 0.0678838000 0.007891110 0.0551369000 0.0303033000 0.0329847000
13 13 (0) 4 : 0.0186755000 0.7957900000 0.185234000 0.0000999729 0.0000999729 0.0000999729
14 14 (0) 4 : 0.0000999600 0.9995000000 0.000099960 0.0000999600 0.0000999600 0.0000999600
15 15 (0) 4 : 0.0000999639 0.9779110000 0.021689000 0.0000999639 0.0000999639 0.0000999639
16 16 (0) 4 : 0.0000999600 0.9995000000 0.000099960 0.0000999600 0.0000999600 0.0000999600
17 17 (0) 5 : 0.0000999640 0.0000999640 0.000099964 0.0056667800 0.9939330000 0.0000999640
18 18 (0) 5 : 0.0000999600 0.0000999600 0.000099960 0.0000999600 0.9995000000 0.0000999600
19 19 (0) 5 : 0.0000999600 0.0000999600 0.000099960 0.0000999600 0.9995000000 0.0000999600
20 20 (0) 5 : 0.0000999730 0.0000999730 0.003556290 0.0000999730 0.9830380000 0.0131061000
21 21 (0) 6 : 0.0000999820 0.0000999820 0.035953100 0.9483660000 0.0080328700 0.0074484600
22 22 (0) 6 : 0.0000999730 0.0000999730 0.017209200 0.9645470000 0.0179435000 0.0000999730
23 23 (0) 6 : 0.0000999600 0.0000999600 0.000099960 0.9995000000 0.0000999600 0.0000999600
24 24 (0) 6 : 0.0000999640 0.0000999640 0.013573600 0.9860270000 0.0000999640 0.0000999640
25 25 (0) 7 : 0.2379100000 0.0346430000 0.000099982 0.6541170000 0.0731304000 0.0000999820
26 26 (0) 7 : 0.1910030000 0.0177576000 0.000099973 0.7909390000 0.0000999730 0.0000999730
27 27 (0) 7 : 0.1876330000 0.0021134600 0.000099982 0.7966860000 0.0133676000 0.0000999820
28 28 (0) 7 : 0.2466550000 0.0194721000 0.000099982 0.6554410000 0.0782320000 0.0000999820
29 29 (0) 8 : 0.0000999820 0.0000999820 0.024885400 0.8469440000 0.0046136800 0.1233570000
30 30 (0) 8 : 0.0000999820 0.0000999820 0.102635000 0.8437650000 0.0076210600 0.0457789000
31 31 (0) 8 : 0.0000999730 0.0083971400 0.000099973 0.9429120000 0.0000999730 0.0483913000
32 32 (0) 8 : 0.0000999640 0.0000999640 0.000099964 0.9697540000 0.0000999640 0.0298460000
33 33 (0) 9 : 0.0000999730 0.0000999730 0.984770000 0.0093410100 0.0000999730 0.0055892900
34 34 (0) 9 : 0.0000999600 0.0000999600 0.999500000 0.0000999600 0.0000999600 0.0000999600
35 35 (0) 9 : 0.0000999600 0.0000999600 0.999500000 0.0000999600 0.0000999600 0.0000999600
36 36 (0) 9 : 0.0000999640 0.0000999640 0.998319000 0.0012811800 0.0000999640 0.0000999640
37 37 (0) 10 : 0.0591166000 0.0880858000 0.015182400 0.0419957000 0.0280267000 0.7675930000
38 38 (0) 10 : 0.0090747400 0.1210430000 0.009025820 0.0043538500 0.0065329900 0.8499690000
39 39 (0) 10 : 0.0219635000 0.1233480000 0.022250100 0.0527901000 0.0000999910 0.7795490000
40 40 (0) 10 : 0.0343303000 0.0939892000 0.003025650 0.0163913000 0.0022249700 0.8500390000
41 41 (0) 11 : 0.0000999730 0.0000999730 0.000099973 0.0174895000 0.0130524000 0.9691580000
42 42 (0) 11 : 0.0000999820 0.0289789000 0.019469700 0.1922710000 0.0000999820 0.7590810000
43 43 (0) 11 : 0.0102161000 0.0430940000 0.000099982 0.1856320000 0.0000999820 0.7608580000
44 44 (0) 11 : 0.0260004000 0.0146708000 0.056486300 0.1726700000 0.0350901000 0.6950830000
45 45 (0) 12 : 0.0000999639 0.0000999639 0.002417990 0.0000999639 0.0000999639 0.9971820000
46 46 (0) 12 : 0.0000999600 0.0000999600 0.000099960 0.0000999600 0.0000999600 0.9995000000
47 47 (0) 12 : 0.0000999600 0.0000999600 0.000099960 0.0000999600 0.0000999600 0.9995000000
48 48 (0) 12 : 0.0000999600 0.0000999600 0.000099960 0.0000999600 0.0000999600 0.9995000000
1 1 (0) 1 : 0.073731500 0.000099991 0.054201200 0.158559000 0.121362000 0.592046000
2 2 (0) 1 : 0.073472500 0.000099991 0.039592900 0.160351000 0.119606000 0.606878000
3 3 (0) 1 : 0.040367900 0.000099991 0.157693000 0.114480000 0.061358400 0.626001000
4 4 (0) 1 : 0.045655900 0.000099991 0.148001000 0.145671000 0.062207000 0.598364000
5 5 (0) 2 : 0.025156500 0.331240000 0.000099982 0.000099982 0.356065000 0.287338000
6 6 (0) 2 : 0.019122800 0.294325000 0.000099982 0.000099982 0.442150000 0.244203000
7 7 (0) 2 : 0.002976970 0.307653000 0.000099982 0.000099982 0.414731000 0.274439000
8 8 (0) 2 : 0.025025100 0.336224000 0.000099982 0.000099982 0.358948000 0.279602000
9 9 (0) 3 : 0.000099960 0.000099960 0.000099960 0.000099960 0.999500000 0.000099960
10 10 (0) 3 : 0.000099960 0.000099960 0.000099960 0.000099960 0.999500000 0.000099960
11 11 (0) 3 : 0.000099960 0.000099960 0.000099960 0.000099960 0.999500000 0.000099960
12 12 (0) 3 : 0.009674800 0.000099991 0.038470500 0.051049300 0.826738000 0.073967200
13 13 (0) 4 : 0.000716697 0.190363000 0.000099982 0.000099982 0.038596100 0.770124000
14 14 (0) 4 : 0.000099960 0.000099960 0.000099960 0.000099960 0.000099960 0.999500000
15 15 (0) 4 : 0.000099960 0.000099960 0.000099960 0.000099960 0.000099960 0.999500000
16 16 (0) 4 : 0.000099960 0.000099960 0.000099960 0.000099960 0.000099960 0.999500000
17 17 (0) 5 : 0.999500000 0.000099960 0.000099960 0.000099960 0.000099960 0.000099960
18 18 (0) 5 : 0.997164000 0.000099964 0.000099964 0.000099964 0.000099964 0.002435810
19 19 (0) 5 : 0.999500000 0.000099960 0.000099960 0.000099960 0.000099960 0.000099960
20 20 (0) 5 : 0.982842000 0.016758600 0.000099964 0.000099964 0.000099964 0.000099964
21 21 (0) 6 : 0.017077800 0.028089600 0.000099973 0.954533000 0.000099973 0.000099973
22 22 (0) 6 : 0.002169290 0.005594150 0.000099973 0.991937000 0.000099973 0.000099973
23 23 (0) 6 : 0.000099960 0.000099960 0.000099960 0.999500000 0.000099960 0.000099960
24 24 (0) 6 : 0.000099960 0.000099960 0.000099960 0.999500000 0.000099960 0.000099960
25 25 (0) 7 : 0.075661600 0.000099982 0.000099982 0.680773000 0.231448000 0.011917000
26 26 (0) 7 : 0.000099973 0.000099973 0.000099973 0.806294000 0.164766000 0.028640500
27 27 (0) 7 : 0.027385800 0.000099982 0.000099982 0.781363000 0.183671000 0.007380060
28 28 (0) 7 : 0.069907100 0.000099991 0.009325260 0.639496000 0.259000000 0.022172400
29 29 (0) 8 : 0.004305520 0.020206600 0.121295000 0.853993000 0.000099982 0.000099982
30 30 (0) 8 : 0.010324400 0.082886800 0.040491000 0.866098000 0.000099982 0.000099982
31 31 (0) 8 : 0.000099982 0.004978360 0.035821200 0.955853000 0.000099982 0.003147330
32 32 (0) 8 : 0.000099964 0.000099964 0.020960500 0.978640000 0.000099964 0.000099964
33 33 (0) 9 : 0.000099973 0.971345000 0.001849440 0.026506000 0.000099973 0.000099973
34 34 (0) 9 : 0.000099960 0.999500000 0.000099960 0.000099960 0.000099960 0.000099960
35 35 (0) 9 : 0.000099960 0.999500000 0.000099960 0.000099960 0.000099960 0.000099960
36 36 (0) 9 : 0.000099973 0.981719000 0.000415173 0.017566000 0.000099973 0.000099973
37 37 (0) 10 : 0.037380500 0.025870700 0.761872000 0.056931800 0.044507600 0.073437700
38 38 (0) 10 : 0.021704000 0.011635100 0.848280000 0.000099991 0.010615900 0.107665000
39 39 (0) 10 : 0.033270200 0.000099991 0.750162000 0.068789800 0.022751200 0.124926000
40 40 (0) 10 : 0.020744700 0.000099982 0.841400000 0.000099982 0.027112900 0.110542000
41 41 (0) 11 : 0.000099964 0.000099964 0.946356000 0.053244000 0.000099964 0.000099964
42 42 (0) 11 : 0.000099982 0.023224300 0.768994000 0.176806000 0.000099982 0.030775700
43 43 (0) 11 : 0.000099982 0.012970800 0.742708000 0.182018000 0.000099982 0.062102600
44 44 (0) 11 : 0.031948900 0.071741400 0.706075000 0.163815000 0.026319500 0.000099991
45 45 (0) 12 : 0.000099960 0.000099960 0.999500000 0.000099960 0.000099960 0.000099960
46 46 (0) 12 : 0.000099960 0.000099960 0.999500000 0.000099960 0.000099960 0.000099960
47 47 (0) 12 : 0.000099960 0.000099960 0.999500000 0.000099960 0.000099960 0.000099960
48 48 (0) 12 : 0.000099960 0.000099960 0.999500000 0.000099960 0.000099960 0.000099960
1 1 (0) 1 : 0.1199700000 0.1208830000 0.614924000 0.000099991 0.0819080000 0.0622149000
2 2 (0) 1 : 0.1232160000 0.0989755000 0.635057000 0.000099991 0.0814213000 0.0612302000
3 3 (0) 1 : 0.0872059000 0.0558076000 0.641720000 0.000099991 0.0480686000 0.1670980000
4 4 (0) 1 : 0.1454470000 0.0465684000 0.615155000 0.000099991 0.0482955000 0.1444340000
5 5 (0) 2 : 0.0000999800 0.4131990000 0.324018000 0.244581000 0.0180021000 0.0000999800
6 6 (0) 2 : 0.0000999800 0.4660870000 0.276794000 0.221445000 0.0354744000 0.0000999800
7 7 (0) 2 : 0.0000999820 0.4425300000 0.322122000 0.226782000 0.0083665200 0.0000999820
8 8 (0) 2 : 0.0000999820 0.4038140000 0.334005000 0.247550000 0.0144311000 0.0000999820
9 9 (0) 3 : 0.0000999600 0.9995000000 0.000099960 0.000099960 0.0000999600 0.0000999600
10 10 (0) 3 : 0.0000999600 0.9995000000 0.000099960 0.000099960 0.0000999600 0.0000999600
11 11 (0) 3 : 0.0000999600 0.9995000000 0.000099960 0.000099960 0.0000999600 0.0000999600
12 12 (0) 3 : 0.0676217000 0.8155210000 0.036778400 0.010353500 0.0216219000 0.0481032000
13 13 (0) 4 : 0.0000999820 0.0110083000 0.795827000 0.183887000 0.0090779700 0.0000999820
14 14 (0) 4 : 0.0000999600 0.0000999600 0.999500000 0.000099960 0.0000999600 0.0000999600
15 15 (0) 4 : 0.0000999639 0.0000999639 0.990169000 0.009431390 0.0000999639 0.0000999639
16 16 (0) 4 : 0.0000999600 0.0000999600 0.999500000 0.000099960 0.0000999600 0.0000999600
17 17 (0) 5 : 0.0000999600 0.0000999600 0.000099960 0.000099960 0.9995000000 0.0000999600
18 18 (0) 5 : 0.0000999600 0.0000999600 0.000099960 0.000099960 0.9995000000 0.0000999600
19 19 (0) 5 : 0.0000999600 0.0000999600 0.000099960 0.000099960 0.9995000000 0.0000999600
20 20 (0) 5 : 0.0000999820 0.0039403200 0.000099982 0.012089900 0.9790740000 0.0046956000
21 21 (0) 6 : 0.9585210000 0.0000999820 0.000099982 0.017120300 0.0221512000 0.0020073300
22 22 (0) 6 : 0.9730050000 0.0000999730 0.000099973 0.023730700 0.0029638800 0.0000999730
23 23 (0) 6 : 0.9995000000 0.0000999600 0.000099960 0.000099960 0.0000999600 0.0000999600
24 24 (0) 6 : 0.9906660000 0.0000999640 0.000099964 0.008934590 0.0000999640 0.0000999640
25 25 (0) 7 : 0.6714320000 0.2557150000 0.019162200 0.000099982 0.0534910000 0.0000999820
26 26 (0) 7 : 0.7919790000 0.1646860000 0.038754500 0.000099991 0.0033526600 0.0011273600
27 27 (0) 7 : 0.7787470000 0.1903830000 0.000099973 0.000099973 0.0305696000 0.0000999730
28 28 (0) 7 : 0.6615430000 0.2640150000 0.000099982 0.000099982 0.0714369000 0.0028056600
29 29 (0) 8 : 0.8488900000 0.0000999730 0.000099973 0.018513700 0.0000999730 0.1322970000
30 30 (0) 8 : 0.8524300000 0.0000999820 0.000099982 0.085272800 0.0209832000 0.0411140000
31 31 (0) 8 : 0.9654060000 0.0000999730 0.004410700 0.000099973 0.0000999730 0.0298830000
32 32 (0) 8 : 0.9724050000 0.0000999640 0.000099964 0.000099964 0.0000999640 0.0271947000
33 33 (0) 9 : 0.0101752000 0.0000999730 0.000099973 0.968539000 0.0000999730 0.0209858000
34 34 (0) 9 : 0.0000999600 0.0000999600 0.000099960 0.999500000 0.0000999600 0.0000999600
35 35 (0) 9 : 0.0000999600 0.0000999600 0.000099960 0.999500000 0.0000999600 0.0000999600
36 36 (0) 9 : 0.0132185000 0.0000999640 0.000099964 0.986382000 0.0000999640 0.0000999640
37 37 (0) 10 : 0.0557934000 0.0422995000 0.081048000 0.021781300 0.0306599000 0.7684180000
38 38 (0) 10 : 0.0000999730 0.0000999730 0.133469000 0.012202500 0.0000999730 0.8540280000
39 39 (0) 10 : 0.0432555000 0.0249955000 0.117850000 0.032637500 0.0081296400 0.7731320000
40 40 (0) 10 : 0.0171770000 0.0100505000 0.111051000 0.011301600 0.0030403300 0.8473800000
41 41 (0) 11 : 0.0344854000 0.0000999730 0.000099973 0.000099973 0.0020778200 0.9631370000
42 42 (0) 11 : 0.1896570000 0.0000999820 0.026741100 0.011477500 0.0000999820 0.7719250000
43 43 (0) 11 : 0.1715970000 0.0001235190 0.055201800 0.000156110 0.0000999910 0.7728220000
44 44 (0) 11 : 0.1774520000 0.0321683000 0.000564178 0.071016300 0.0272517000 0.6915480000
45 45 (0) 12 : 0.0000999640 0.0000999640 0.000099964 0.001967560 0.0000999640 0.9976330000
46 46 (0) 12 : 0.0000999600 0.0000999600 0.000099960 0.000099960 0.0000999600 0.9995000000
47 47 (0) 12 : 0.0000999600 0.0000999600 0.000099960 0.000099960 0.0000999600 0.9995000000
48 48 (0) 12 : 0.0000999600 0.0000999600 0.000099960 0.000099960 0.0000999600 0.9995000000
1 1 (0) 1 : 0.1305660000 0.0568137000 0.6432350000 0.000099991 0.1135620000 0.0557234000
2 2 (0) 1 : 0.1101340000 0.0646806000 0.6401750000 0.000099991 0.1196230000 0.0652875000
3 3 (0) 1 : 0.0516258000 0.0179561000 0.6638100000 0.000099991 0.1024290000 0.1640790000
4 4 (0) 1 : 0.0584950000 0.0269964000 0.6527290000 0.000099991 0.1297410000 0.1319390000
5 5 (0) 2 : 0.3833240000 0.0257389000 0.3337090000 0.257029000 0.0000999820 0.0000999820
6 6 (0) 2 : 0.4466220000 0.0344078000 0.3265870000 0.192183000 0.0000999820 0.0000999820
7 7 (0) 2 : 0.4287310000 0.0078446300 0.3324920000 0.230732000 0.0000999820 0.0000999820
8 8 (0) 2 : 0.3988410000 0.0173353000 0.3156570000 0.267967000 0.0000999820 0.0000999820
9 9 (0) 3 : 0.9995000000 0.0000999600 0.0000999600 0.000099960 0.0000999600 0.0000999600
10 10 (0) 3 : 0.9995000000 0.0000999600 0.0000999600 0.000099960 0.0000999600 0.0000999600
11 11 (0) 3 : 0.9995000000 0.0000999600 0.0000999600 0.000099960 0.0000999600 0.0000999600
12 12 (0) 3 : 0.8161300000 0.0316554000 0.0533546000 0.014064600 0.0447581000 0.0400369000
13 13 (0) 4 : 0.0234678000 0.0000999729 0.7800790000 0.196154000 0.0000999729 0.0000999729
14 14 (0) 4 : 0.0000999600 0.0000999600 0.9995000000 0.000099960 0.0000999600 0.0000999600
15 15 (0) 4 : 0.0000999639 0.0000999639 0.9919840000 0.007615940 0.0000999639 0.0000999639
16 16 (0) 4 : 0.0000999600 0.0000999600 0.9995000000 0.000099960 0.0000999600 0.0000999600
17 17 (0) 5 : 0.0000999600 0.9995000000 0.0000999600 0.000099960 0.0000999600 0.0000999600
18 18 (0) 5 : 0.0000999640 0.9918840000 0.0000999640 0.007716020 0.0000999640 0.0000999640
19 19 (0) 5 : 0.0000999600 0.9995000000 0.0000999600 0.000099960 0.0000999600 0.0000999600
20 20 (0) 5 : 0.0000999730 0.9921660000 0.0000999730 0.004517680 0.0000999730 0.0030164500
21 21 (0) 6 : 0.0000999730 0.0035224300 0.0000999730 0.031436700 0.9647410000 0.0000999730
22 22 (0) 6 : 0.0000999730 0.0090425100 0.0000999730 0.008748310 0.9819090000 0.0000999730
23 23 (0) 6 : 0.0000999600 0.0000999600 0.0000999600 0.000099960 0.9995000000 0.0000999600
24 24 (0) 6 : 0.0000999640 0.0000999640 0.0000999640 0.014107600 0.9854930000 0.0000999640
25 25 (0) 7 : 0.2430820000 0.0629302000 0.0013244000 0.000099982 0.6924630000 0.0000999820
26 26 (0) 7 : 0.1758680000 0.0000999730 0.0385225000 0.000099973 0.7853090000 0.0000999730
27 27 (0) 7 : 0.1918570000 0.0184007000 0.0115253000 0.000099991 0.7771590000 0.0009588230
28 28 (0) 7 : 0.2392620000 0.0825557000 0.0129651000 0.000099991 0.6445530000 0.0205642000
29 29 (0) 8 : 0.0000999820 0.0061989300 0.0000999820 0.017740900 0.8381660000 0.1376940000
30 30 (0) 8 : 0.0000999820 0.0214123000 0.0000999820 0.119662000 0.8245120000 0.0342138000
31 31 (0) 8 : 0.0000999640 0.0000999640 0.0000999640 0.000099964 0.9491780000 0.0504221000
32 32 (0) 8 : 0.0000999640 0.0000999640 0.0000999640 0.000099964 0.9812430000 0.0183571000
33 33 (0) 9 : 0.0000999730 0.0000999730 0.0000999730 0.956083000 0.0349374000 0.0086800300
34 34 (0) 9 : 0.0000999600 0.0000999600 0.0000999600 0.999500000 0.0000999600 0.0000999600
35 35 (0) 9 : 0.0000999600 0.0000999600 0.0000999600 0.999500000 0.0000999600 0.0000999600
36 36 (0) 9 : 0.0000999600 0.0000999600 0.0000999600 0.999500000 0.0000999600 0.0000999600
37 37 (0) 10 : 0.0392135000 0.0225595000 0.0737662000 0.078327800 0.0316375000 0.7544950000
38 38 (0) 10 : 0.0000999820 0.0231404000 0.1082600000 0.030326500 0.0000999820 0.8380730000
39 39 (0) 10 : 0.0321704000 0.0000999910 0.1194980000 0.032079200 0.0703345000 0.7458180000
40 40 (0) 10 : 0.0099428700 0.0347098000 0.1004240000 0.009563500 0.0184013000 0.8269580000
41 41 (0) 11 : 0.0000999730 0.0112111000 0.0000999730 0.000099973 0.0448490000 0.9436400000
42 42 (0) 11 : 0.0000999820 0.0000999820 0.0335466000 0.000830431 0.2050650000 0.7603580000
43 43 (0) 11 : 0.0000999820 0.0000999820 0.0574509000 0.006793510 0.1742170000 0.7613380000
44 44 (0) 11 : 0.0400688000 0.0417830000 0.0172407000 0.041761000 0.1481200000 0.7110260000
45 45 (0) 12 : 0.0000999639 0.0000999639 0.0000999639 0.012532600 0.0000999639 0.9870680000
46 46 (0) 12 : 0.0000999600 0.0000999600 0.0000999600 0.000099960 0.0000999600 0.9995000000
47 47 (0) 12 : 0.0000999600 0.0000999600 0.0000999600 0.000099960 0.0000999600 0.9995000000
48 48 (0) 12 : 0.0000999600 0.0000999600 0.0000999600 0.000099960 0.0000999600 0.9995000000
1 1 (0) 1 : 0.1209230000 0.0702974000 0.000099991 0.6219840000 0.1221770000 0.0645189000
2 2 (0) 1 : 0.1328300000 0.0622471000 0.000099991 0.6096140000 0.1127870000 0.0824216000
3 3 (0) 1 : 0.0778069000 0.1520560000 0.000099991 0.6245800000 0.1173880000 0.0280697000
4 4 (0) 1 : 0.0713780000 0.1426960000 0.000099991 0.6123130000 0.1473670000 0.0261462000
5 5 (0) 2 : 0.4109360000 0.0000999820 0.311600000 0.2568390000 0.0000999820 0.0204252000
6 6 (0) 2 : 0.4733700000 0.0000999820 0.278766000 0.2157250000 0.0000999820 0.0319381000
7 7 (0) 2 : 0.4568090000 0.0000999820 0.285890000 0.2450870000 0.0000999820 0.0120147000
8 8 (0) 2 : 0.4005030000 0.0000999820 0.327076000 0.2494200000 0.0000999820 0.0228011000
9 9 (0) 3 : 0.9995000000 0.0000999600 0.000099960 0.0000999600 0.0000999600 0.0000999600
10 10 (0) 3 : 0.9995000000 0.0000999600 0.000099960 0.0000999600 0.0000999600 0.0000999600
11 11 (0) 3 : 0.9995000000 0.0000999600 0.000099960 0.0000999600 0.0000999600 0.0000999600
12 12 (0) 3 : 0.8233440000 0.0349883000 0.016281300 0.0489333000 0.0558115000 0.0206411000
13 13 (0) 4 : 0.0097977700 0.0000999729 0.199983000 0.7899190000 0.0000999729 0.0000999729
14 14 (0) 4 : 0.0000999600 0.0000999600 0.000099960 0.9995000000 0.0000999600 0.0000999600
15 15 (0) 4 : 0.0000999639 0.0000999639 0.008647450 0.9909530000 0.0000999639 0.0000999639
16 16 (0) 4 : 0.0000999600 0.0000999600 0.000099960 0.9995000000 0.0000999600 0.0000999600
17 17 (0) 5 : 0.0000999600 0.0000999600 0.000099960 0.0000999600 0.0000999600 0.9995000000
18 18 (0) 5 : 0.0000999640 0.0000999640 0.000099964 0.0010942900 0.0000999640 0.9985060000
19 19 (0) 5 : 0.0000999600 0.0000999600 0.000099960 0.0000999600 0.0000999600 0.9995000000
20 20 (0) 5 : 0.0000999730 0.0106749000 0.003109570 0.0000999730 0.0000999730 0.9859160000
21 21 (0) 6 : 0.0000999730 0.0000999730 0.035460600 0.0000999730 0.9449540000 0.0192851000
22 22 (0) 6 : 0.0000999600 0.0000999600 0.000099960 0.0000999600 0.9995000000 0.0000999600
23 23 (0) 6 : 0.0000999600 0.0000999600 0.000099960 0.0000999600 0.9995000000 0.0000999600
24 24 (0) 6 : 0.0000999640 0.0000999640 0.015860200 0.0000999640 0.9837400000 0.0000999640
25 25 (0) 7 : 0.2460400000 0.0000999820 0.000099982 0.0061935100 0.6873120000 0.0602549000
26 26 (0) 7 : 0.1844170000 0.0043565600 0.000099991 0.0224528000 0.7835310000 0.0051425100
27 27 (0) 7 : 0.2046860000 0.0088300700 0.000099982 0.0000999820 0.7553560000 0.0309273000
28 28 (0) 7 : 0.2434040000 0.0040600900 0.000099991 0.0009541870 0.6746140000 0.0768683000
29 29 (0) 8 : 0.0000999730 0.1458900000 0.007489190 0.0000999730 0.8463210000 0.0000999730
30 30 (0) 8 : 0.0000999820 0.0433905000 0.124007000 0.0000999820 0.8297320000 0.0026698200
31 31 (0) 8 : 0.0000999730 0.0272721000 0.000099973 0.0055601400 0.9668680000 0.0000999730
32 32 (0) 8 : 0.0000999640 0.0122411000 0.000099964 0.0000999640 0.9873590000 0.0000999640
33 33 (0) 9 : 0.0000999820 0.0114616000 0.968863000 0.0000999820 0.0146383000 0.0048368300
34 34 (0) 9 : 0.0000999600 0.0000999600 0.999500000 0.0000999600 0.0000999600 0.0000999600
35 35 (0) 9 : 0.0000999600 0.0000999600 0.999500000 0.0000999600 0.0000999600 0.0000999600
36 36 (0) 9 : 0.0000999640 0.0000999640 0.989498000 0.0000999640 0.0101022000 0.0000999640
37 37 (0) 10 : 0.0421995000 0.7739250000 0.043703600 0.0669964000 0.0293655000 0.0438097000
38 38 (0) 10 : 0.0178648000 0.8398350000 0.016894700 0.1223510000 0.0000999910 0.0029549900
39 39 (0) 10 : 0.0355875000 0.7320170000 0.023866600 0.1372030000 0.0613522000 0.0099730200
40 40 (0) 10 : 0.0200024000 0.8422880000 0.000099991 0.1173940000 0.0131424000 0.0070740800
41 41 (0) 11 : 0.0000999640 0.9643930000 0.000099964 0.0000999640 0.0352071000 0.0000999640
42 42 (0) 11 : 0.0000999820 0.7684520000 0.028955000 0.0386714000 0.1637220000 0.0000999820
43 43 (0) 11 : 0.0044661700 0.7602490000 0.027512000 0.0504909000 0.1571820000 0.0000999910
44 44 (0) 11 : 0.0381525000 0.7212330000 0.055043700 0.0077906300 0.1436420000 0.0341378000
45 45 (0) 12 : 0.0000999639 0.9989180000 0.000682195 0.0000999639 0.0000999639 0.0000999639
46 46 (0) 12 : 0.0000999600 0.9995000000 0.000099960 0.0000999600 0.0000999600 0.0000999600
47 47 (0) 12 : 0.0000999600 0.9995000000 0.000099960 0.0000999600 0.0000999600 0.0000999600
48 48 (0) 12 : 0.0000999600 0.9995000000 0.000099960 0.0000999600 0.0000999600 0.0000999600
1 1 (0) 1 : 0.1250890000 0.6297500000 0.0000999900 0.0656358000 0.1110630000 0.0683619000
2 2 (0) 1 : 0.1189540000 0.6259940000 0.0000999910 0.0591508000 0.1097760000 0.0860253000
3 3 (0) 1 : 0.1111100000 0.6521800000 0.0000999910 0.1346090000 0.0659611000 0.0360397000
4 4 (0) 1 : 0.1325600000 0.6248360000 0.0000999910 0.1282340000 0.0597334000 0.0545368000
5 5 (0) 2 : 0.0000999820 0.3171480000 0.2943000000 0.0000999820 0.3659440000 0.0224077000
6 6 (0) 2 : 0.0000999820 0.2638500000 0.2549350000 0.0000999820 0.4476950000 0.0333196000
7 7 (0) 2 : 0.0000999820 0.2941080000 0.2698910000 0.0000999820 0.4219260000 0.0138759000
8 8 (0) 2 : 0.0000999820 0.2967440000 0.3181470000 0.0000999820 0.3769390000 0.0079699300
9 9 (0) 3 : 0.0000999600 0.0000999600 0.0000999600 0.0000999600 0.9995000000 0.0000999600
10 10 (0) 3 : 0.0000999600 0.0000999600 0.0000999600 0.0000999600 0.9995000000 0.0000999600
11 11 (0) 3 : 0.0000999600 0.0000999600 0.0000999600 0.0000999600 0.9995000000 0.0000999600
12 12 (0) 3 : 0.0743938000 0.0435623000 0.0182303000 0.0251553000 0.8077560000 0.0309019000
13 13 (0) 4 : 0.0000999729 0.7903610000 0.1928250000 0.0000999729 0.0165141000 0.0000999729
14 14 (0) 4 : 0.0000999600 0.9995000000 0.0000999600 0.0000999600 0.0000999600 0.0000999600
15 15 (0) 4 : 0.0000999639 0.9814610000 0.0181395000 0.0000999639 0.0000999639 0.0000999639
16 16 (0) 4 : 0.0000999600 0.9995000000 0.0000999600 0.0000999600 0.0000999600 0.0000999600
17 17 (0) 5 : 0.0000999600 0.0000999600 0.0000999600 0.0000999600 0.0000999600 0.9995000000
18 18 (0) 5 : 0.0000999600 0.0000999600 0.0000999600 0.0000999600 0.0000999600 0.9995000000
19 19 (0) 5 : 0.0000999600 0.0000999600 0.0000999600 0.0000999600 0.0000999600 0.9995000000
20 20 (0) 5 : 0.0000999730 0.0000999730 0.0110512000 0.0029961800 0.0000999730 0.9856530000
21 21 (0) 6 : 0.9461380000 0.0000999820 0.0288496000 0.0077666800 0.0000999820 0.0170461000
22 22 (0) 6 : 0.9995000000 0.0000999600 0.0000999600 0.0000999600 0.0000999600 0.0000999600
23 23 (0) 6 : 0.9995000000 0.0000999600 0.0000999600 0.0000999600 0.0000999600 0.0000999600
24 24 (0) 6 : 0.9904560000 0.0000999640 0.0091443300 0.0000999640 0.0000999640 0.0000999640
25 25 (0) 7 : 0.6741670000 0.0156302000 0.0000999820 0.0000999820 0.2444370000 0.0655657000
26 26 (0) 7 : 0.7787870000 0.0199318000 0.0000999910 0.0051396300 0.1762910000 0.0197508000
27 27 (0) 7 : 0.7632300000 0.0000999841 0.0000999841 0.0266774000 0.1904900000 0.0194028000
28 28 (0) 7 : 0.6485440000 0.0119058000 0.0000999820 0.0000999820 0.2420740000 0.0972755000
29 29 (0) 8 : 0.8317540000 0.0038232900 0.0228741000 0.1332340000 0.0000999910 0.0082153800
30 30 (0) 8 : 0.8355640000 0.0000999820 0.1040190000 0.0364785000 0.0000999820 0.0237381000
31 31 (0) 8 : 0.9568910000 0.0007307520 0.0000999730 0.0420783000 0.0000999730 0.0000999730
32 32 (0) 8 : 0.9753660000 0.0000999640 0.0000999640 0.0242345000 0.0000999640 0.0000999640
33 33 (0) 9 : 0.0256749000 0.0000999730 0.9645000000 0.0095248300 0.0000999730 0.0000999730
34 34 (0) 9 : 0.0000999600 0.0000999600 0.9995000000 0.0000999600 0.0000999600 0.0000999600
35 35 (0) 9 : 0.0000999600 0.0000999600 0.9995000000 0.0000999600 0.0000999600 0.0000999600
36 36 (0) 9 : 0.0167262000 0.0000999640 0.9828740000 0.0000999640 0.0000999640 0.0000999640
37 37 (0) 10 : 0.0480575000 0.0918948000 0.0328904000 0.7468250000 0.0518392000 0.0284935000
38 38 (0) 10 : 0.0000999910 0.1394960000 0.0010514900 0.8336550000 0.0062121800 0.0194852000
39 39 (0) 10 : 0.0647825000 0.1319720000 0.0000999910 0.7407710000 0.0386207000 0.0237539000
40 40 (0) 10 : 0.0000999820 0.1262290000 0.0000999820 0.8402670000 0.0127891000 0.0205149000
41 41 (0) 11 : 0.0502992000 0.0000999640 0.0000999640 0.9493010000 0.0000999640 0.0000999640
42 42 (0) 11 : 0.1705900000 0.0371502000 0.0211098000 0.7709500000 0.0000999820 0.0000999820
43 43 (0) 11 : 0.1677130000 0.0522284000 0.0076860600 0.7648200000 0.0074519900 0.0000999910
44 44 (0) 11 : 0.1375280000 0.0000999910 0.0749416000 0.7105000000 0.0406399000 0.0362908000
45 45 (0) 12 : 0.0000999639 0.0000999639 0.0170836000 0.9825170000 0.0000999639 0.0000999639
46 46 (0) 12 : 0.0000999600 0.0000999600 0.0000999600 0.9995000000 0.0000999600 0.0000999600
47 47 (0) 12 : 0.0000999600 0.0000999600 0.0000999600 0.9995000000 0.0000999600 0.0000999600
48 48 (0) 12 : 0.0000999600 0.0000999600 0.0000999600 0.9995000000 0.0000999600 0.0000999600
1 1 (0) 1 : 0.5738600000 0.000099991 0.1264460000 0.1493800000 0.0692347000 0.0809796000
2 2 (0) 1 : 0.5856010000 0.000099991 0.1324310000 0.1416500000 0.0663380000 0.0738800000
3 3 (0) 1 : 0.6108900000 0.000099991 0.1084180000 0.0949809000 0.1564900000 0.0291208000
4 4 (0) 1 : 0.5854100000 0.000099991 0.1517270000 0.0857642000 0.1413660000 0.0356319000
5 5 (0) 2 : 0.2506190000 0.251319000 0.0000999820 0.4735910000 0.0000999820 0.0242707000
6 6 (0) 2 : 0.2311120000 0.244480000 0.0000999820 0.4950400000 0.0000999820 0.0291682000
7 7 (0) 2 : 0.2665860000 0.248536000 0.0000999820 0.4771350000 0.0000999820 0.0075428200
8 8 (0) 2 : 0.2606470000 0.268364000 0.0000999800 0.4466430000 0.0000999800 0.0241455000
9 9 (0) 3 : 0.0000999600 0.000099960 0.0000999600 0.9995000000 0.0000999600 0.0000999600
10 10 (0) 3 : 0.0000999600 0.000099960 0.0000999600 0.9995000000 0.0000999600 0.0000999600
11 11 (0) 3 : 0.0000999600 0.000099960 0.0000999600 0.9995000000 0.0000999600 0.0000999600
12 12 (0) 3 : 0.0543126000 0.018353600 0.0697303000 0.8181220000 0.0141089000 0.0253725000
13 13 (0) 4 : 0.7807490000 0.202999000 0.0000999729 0.0159526000 0.0000999729 0.0000999729
14 14 (0) 4 : 0.9995000000 0.000099960 0.0000999600 0.0000999600 0.0000999600 0.0000999600
15 15 (0) 4 : 0.9873390000 0.012260900 0.0000999639 0.0000999639 0.0000999639 0.0000999639
16 16 (0) 4 : 0.9995000000 0.000099960 0.0000999600 0.0000999600 0.0000999600 0.0000999600
17 17 (0) 5 : 0.0000999600 0.000099960 0.0000999600 0.0000999600 0.0000999600 0.9995000000
18 18 (0) 5 : 0.0000999600 0.000099960 0.0000999600 0.0000999600 0.0000999600 0.9995000000
19 19 (0) 5 : 0.0000999600 0.000099960 0.0000999600 0.0000999600 0.0000999600 0.9995000000
20 20 (0) 5 : 0.0000999820 0.012304700 0.0000999820 0.0038853000 0.0044367600 0.9791730000
21 21 (0) 6 : 0.0000999729 0.025168200 0.9542200000 0.0000999729 0.0000999729 0.0203120000
22 22 (0) 6 : 0.0000999730 0.008111720 0.9841010000 0.0000999730 0.0000999730 0.0074873300
23 23 (0) 6 : 0.0000999600 0.000099960 0.9995000000 0.0000999600 0.0000999600 0.0000999600
24 24 (0) 6 : 0.0000999640 0.009081790 0.9905180000 0.0000999640 0.0000999640 0.0000999640
25 25 (0) 7 : 0.0135462000 0.000099982 0.6863950000 0.2454790000 0.0000999820 0.0543794000
26 26 (0) 7 : 0.0139417000 0.000099973 0.8021180000 0.1836400000 0.0000999730 0.0000999730
27 27 (0) 7 : 0.0000999730 0.000099973 0.7924880000 0.1870810000 0.0000999730 0.0201308000
28 28 (0) 7 : 0.0168160000 0.000099982 0.6522620000 0.2551810000 0.0000999820 0.0755408000
29 29 (0) 8 : 0.0000999820 0.054417500 0.8218700000 0.0000999820 0.1208690000 0.0026431200
30 30 (0) 8 : 0.0000999800 0.115920000 0.8310340000 0.0000999800 0.0416042000 0.0112422000
31 31 (0) 8 : 0.0000999640 0.000099964 0.9448970000 0.0000999640 0.0547036000 0.0000999640
32 32 (0) 8 : 0.0000999640 0.000099964 0.9814620000 0.0000999640 0.0181383000 0.0000999640
33 33 (0) 9 : 0.0000999730 0.954210000 0.0378026000 0.0000999730 0.0076873500 0.0000999730
34 34 (0) 9 : 0.0000999600 0.999500000 0.0000999600 0.0000999600 0.0000999600 0.0000999600
35 35 (0) 9 : 0.0000999600 0.999500000 0.0000999600 0.0000999600 0.0000999600 0.0000999600
36 36 (0) 9 : 0.0000999640 0.986460000 0.0131404000 0.0000999640 0.0000999640 0.0000999640
37 37 (0) 10 : 0.0842197000 0.030789800 0.0525588000 0.0446960000 0.7550050000 0.0327308000
38 38 (0) 10 : 0.1191790000 0.009309980 0.0000999910 0.0051771000 0.8539910000 0.0122432000
39 39 (0) 10 : 0.1403860000 0.000099991 0.0727220000 0.0243157000 0.7545120000 0.0079642900
40 40 (0) 10 : 0.1054060000 0.000099991 0.0247762000 0.0065512700 0.8319600000 0.0312064000
41 41 (0) 11 : 0.0000999640 0.000099964 0.0522874000 0.0000999640 0.9473130000 0.0000999640
42 42 (0) 11 : 0.0281072000 0.011476300 0.1796160000 0.0000999910 0.7801740000 0.0005260120
43 43 (0) 11 : 0.0406086000 0.016707000 0.1649620000 0.0072311200 0.7703910000 0.0000999910
44 44 (0) 11 : 0.0000999910 0.076239200 0.1567570000 0.0273875000 0.7007560000 0.0387605000
45 45 (0) 12 : 0.0000999639 0.000746936 0.0000999639 0.0000999639 0.9988530000 0.0000999639
46 46 (0) 12 : 0.0000999600 0.000099960 0.0000999600 0.0000999600 0.9995000000 0.0000999600
47 47 (0) 12 : 0.0000999600 0.000099960 0.0000999600 0.0000999600 0.9995000000 0.0000999600
48 48 (0) 12 : 0.0000999600 0.000099960 0.0000999600 0.0000999600 0.9995000000 0.0000999600
1 1 (0) 1 : 0.1271760000 0.617030000 0.0681838000 0.1151300000 0.000099991 0.0723799000
2 2 (0) 1 : 0.1258600000 0.617821000 0.0810023000 0.1272300000 0.000099991 0.0479862000
3 3 (0) 1 : 0.1066120000 0.632959000 0.0452900000 0.0676434000 0.000099991 0.1473960000
4 4 (0) 1 : 0.1421850000 0.607854000 0.0394604000 0.0660789000 0.000099991 0.1443220000
5 5 (0) 2 : 0.0000999900 0.336336000 0.0162782000 0.3949010000 0.243274000 0.0091110400
6 6 (0) 2 : 0.0000999820 0.309349000 0.0326439000 0.4667320000 0.191075000 0.0000999820
7 7 (0) 2 : 0.0000999820 0.363068000 0.0083896100 0.4405690000 0.187774000 0.0000999820
8 8 (0) 2 : 0.0000999820 0.333282000 0.0235519000 0.4027550000 0.240211000 0.0000999820
9 9 (0) 3 : 0.0000999600 0.000099960 0.0000999600 0.9995000000 0.000099960 0.0000999600
10 10 (0) 3 : 0.0000999600 0.000099960 0.0000999600 0.9995000000 0.000099960 0.0000999600
11 11 (0) 3 : 0.0000999600 0.000099960 0.0000999600 0.9995000000 0.000099960 0.0000999600
12 12 (0) 3 : 0.0646812000 0.033349800 0.0166511000 0.8228300000 0.041498500 0.0209897000
13 13 (0) 4 : 0.0000999820 0.800631000 0.0139975000 0.0068830800 0.178289000 0.0000999820
14 14 (0) 4 : 0.0000999600 0.999500000 0.0000999600 0.0000999600 0.000099960 0.0000999600
15 15 (0) 4 : 0.0000999639 0.993559000 0.0000999639 0.0000999639 0.006041500 0.0000999639
16 16 (0) 4 : 0.0000999600 0.999500000 0.0000999600 0.0000999600 0.000099960 0.0000999600
17 17 (0) 5 : 0.0000999600 0.000099960 0.9995000000 0.0000999600 0.000099960 0.0000999600
18 18 (0) 5 : 0.0000999640 0.000099964 0.9929330000 0.0000999640 0.006667250 0.0000999640
19 19 (0) 5 : 0.0000999600 0.000099960 0.9995000000 0.0000999600 0.000099960 0.0000999600
20 20 (0) 5 : 0.0000999730 0.000099973 0.9880080000 0.0000999730 0.002341930 0.0093503000
21 21 (0) 6 : 0.9659330000 0.000099973 0.0000999730 0.0000999730 0.033415100 0.0003520600
22 22 (0) 6 : 0.9926970000 0.000099964 0.0000999640 0.0000999640 0.006903300 0.0000999640
23 23 (0) 6 : 0.9995000000 0.000099960 0.0000999600 0.0000999600 0.000099960 0.0000999600
24 24 (0) 6 : 0.9881370000 0.000099964 0.0000999640 0.0000999640 0.011463100 0.0000999640
25 25 (0) 7 : 0.6684260000 0.010418200 0.0674116000 0.2535450000 0.000099982 0.0000999820
26 26 (0) 7 : 0.8007020000 0.027146100 0.0000999730 0.1718520000 0.000099973 0.0000999730
27 27 (0) 7 : 0.8008080000 0.000677472 0.0097836100 0.1885310000 0.000099982 0.0000999820
28 28 (0) 7 : 0.6362440000 0.008510020 0.0848841000 0.2529250000 0.000099991 0.0173368000
29 29 (0) 8 : 0.8741790000 0.000099973 0.0000999730 0.0000999730 0.004923700 0.1205970000
30 30 (0) 8 : 0.8683940000 0.000099982 0.0149598000 0.0000999820 0.088354100 0.0280922000
31 31 (0) 8 : 0.9410810000 0.008436610 0.0000999730 0.0000999730 0.000099973 0.0501820000
32 32 (0) 8 : 0.9760550000 0.000099964 0.0000999640 0.0000999640 0.000099964 0.0235450000
33 33 (0) 9 : 0.0000999640 0.000099964 0.0000999640 0.0000999640 0.965712000 0.0338884000
34 34 (0) 9 : 0.0000999600 0.000099960 0.0000999600 0.0000999600 0.999500000 0.0000999600
35 35 (0) 9 : 0.0000999600 0.000099960 0.0000999600 0.0000999600 0.999500000 0.0000999600
36 36 (0) 9 : 0.0066011400 0.000099964 0.0000999640 0.0000999640 0.992999000 0.0000999640
37 37 (0) 10 : 0.0558017000 0.058782500 0.0296954000 0.0510528000 0.019286600 0.7853810000
38 38 (0) 10 : 0.0243571000 0.091886100 0.0028133200 0.0385796000 0.000099991 0.8422640000
39 39 (0) 10 : 0.0766320000 0.104790000 0.0004711980 0.0488951000 0.009387430 0.7598240000
40 40 (0) 10 : 0.0212428000 0.086159600 0.0214444000 0.0291254000 0.011051700 0.8309760000
41 41 (0) 11 : 0.0396242000 0.000099973 0.0057453500 0.0000999730 0.000099973 0.9543310000
42 42 (0) 11 : 0.2114440000 0.023845700 0.0000999820 0.0000999820 0.011061400 0.7534480000
43 43 (0) 11 : 0.1900900000 0.045815500 0.0014283300 0.0192580000 0.001431310 0.7419770000
44 44 (0) 11 : 0.1622650000 0.000911206 0.0365898000 0.0336103000 0.057371400 0.7092520000
45 45 (0) 12 : 0.0000999640 0.000099964 0.0000999640 0.0000999640 0.007483930 0.9921160000
46 46 (0) 12 : 0.0000999600 0.000099960 0.0000999600 0.0000999600 0.000099960 0.9995000000
47 47 (0) 12 : 0.0000999600 0.000099960 0.0000999600 0.0000999600 0.000099960 0.9995000000
48 48 (0) 12 : 0.0000999600 0.000099960 0.0000999600 0.0000999600 0.000099960 0.9995000000
1 1 (0) 1 : 0.622724000 0.000099991 0.0741805000 0.0497166000 0.1257060000 0.1275720000
2 2 (0) 1 : 0.617049000 0.000099991 0.0859614000 0.0616284000 0.1134200000 0.1218410000
3 3 (0) 1 : 0.625834000 0.000099991 0.0314811000 0.1251030000 0.0916470000 0.1258360000
4 4 (0) 1 : 0.600120000 0.000099991 0.0487757000 0.1312780000 0.0679859000 0.1517400000
5 5 (0) 2 : 0.270126000 0.315238000 0.0248706000 0.0000999820 0.3895650000 0.0000999820
6 6 (0) 2 : 0.227887000 0.313676000 0.0338326000 0.0000999820 0.4244040000 0.0000999820
7 7 (0) 2 : 0.226881000 0.342797000 0.0120130000 0.0000999820 0.4181090000 0.0000999820
8 8 (0) 2 : 0.255213000 0.340764000 0.0173933000 0.0000999800 0.3864300000 0.0000999800
9 9 (0) 3 : 0.000099960 0.000099960 0.0000999600 0.0000999600 0.9995000000 0.0000999600
10 10 (0) 3 : 0.000099960 0.000099960 0.0000999600 0.0000999600 0.9995000000 0.0000999600
11 11 (0) 3 : 0.000099960 0.000099960 0.0000999600 0.0000999600 0.9995000000 0.0000999600
12 12 (0) 3 : 0.068741000 0.000099991 0.0067743900 0.0310297000 0.8244780000 0.0688765000
13 13 (0) 4 : 0.788119000 0.192976000 0.0005929890 0.0000999820 0.0181117000 0.0000999820
14 14 (0) 4 : 0.999500000 0.000099960 0.0000999600 0.0000999600 0.0000999600 0.0000999600
15 15 (0) 4 : 0.979611000 0.019989100 0.0000999639 0.0000999639 0.0000999639 0.0000999639
16 16 (0) 4 : 0.999500000 0.000099960 0.0000999600 0.0000999600 0.0000999600 0.0000999600
17 17 (0) 5 : 0.000099960 0.000099960 0.9995000000 0.0000999600 0.0000999600 0.0000999600
18 18 (0) 5 : 0.000099960 0.000099960 0.9995000000 0.0000999600 0.0000999600 0.0000999600
19 19 (0) 5 : 0.000099960 0.000099960 0.9995000000 0.0000999600 0.0000999600 0.0000999600
20 20 (0) 5 : 0.000099964 0.023370500 0.9762300000 0.0000999640 0.0000999640 0.0000999640
21 21 (0) 6 : 0.000099982 0.017321400 0.0285752000 0.0090050100 0.0000999820 0.9448980000
22 22 (0) 6 : 0.000099964 0.001933250 0.0000999640 0.0000999640 0.0000999640 0.9976670000
23 23 (0) 6 : 0.000099960 0.000099960 0.0000999600 0.0000999600 0.0000999600 0.9995000000
24 24 (0) 6 : 0.000099960 0.000099960 0.0000999600 0.0000999600 0.0000999600 0.9995000000
25 25 (0) 7 : 0.022870300 0.000099982 0.0563233000 0.0000999820 0.2367370000 0.6838690000
26 26 (0) 7 : 0.015389900 0.000099982 0.0128602000 0.0000999820 0.1762550000 0.7952950000
27 27 (0) 7 : 0.000099973 0.000099973 0.0211116000 0.0000999730 0.1952570000 0.7833320000
28 28 (0) 7 : 0.026742900 0.000099991 0.0747341000 0.0118981000 0.2381510000 0.6483740000
29 29 (0) 8 : 0.000099982 0.015669100 0.0028832100 0.1409210000 0.0000999820 0.8403270000
30 30 (0) 8 : 0.000099982 0.108278000 0.0267076000 0.0396323000 0.0000999820 0.8251820000
31 31 (0) 8 : 0.000099973 0.005033860 0.0000999730 0.0337854000 0.0000999730 0.9608810000
32 32 (0) 8 : 0.000099964 0.000099964 0.0000999640 0.0237491000 0.0000999640 0.9758510000
33 33 (0) 9 : 0.000099973 0.954074000 0.0000999730 0.0104271000 0.0000999730 0.0351988000
34 34 (0) 9 : 0.000099960 0.999500000 0.0000999600 0.0000999600 0.0000999600 0.0000999600
35 35 (0) 9 : 0.000099960 0.999500000 0.0000999600 0.0000999600 0.0000999600 0.0000999600
36 36 (0) 9 : 0.000099964 0.979540000 0.0000999640 0.0000999640 0.0000999640 0.0200600000
37 37 (0) 10 : 0.075269900 0.038499000 0.0261842000 0.7687550000 0.0601452000 0.0311462000
38 38 (0) 10 : 0.113002000 0.007658350 0.0019683300 0.8675620000 0.0097088300 0.0000999910
39 39 (0) 10 : 0.143559000 0.029028800 0.0129400000 0.7411080000 0.0041121000 0.0692521000
40 40 (0) 10 : 0.119005000 0.000099991 0.0119653000 0.8409880000 0.0150746000 0.0128670000
41 41 (0) 11 : 0.000099964 0.000099964 0.0000999640 0.9617850000 0.0000999640 0.0378153000
42 42 (0) 11 : 0.021162300 0.023227400 0.0000999820 0.7524150000 0.0000999820 0.2029950000
43 43 (0) 11 : 0.042954800 0.002229910 0.0000999910 0.7523790000 0.0047567700 0.1975790000
44 44 (0) 11 : 0.020097500 0.058451900 0.0437997000 0.7034880000 0.0367703000 0.1373930000
45 45 (0) 12 : 0.000099960 0.000099960 0.0000999600 0.9995000000 0.0000999600 0.0000999600
46 46 (0) 12 : 0.000099960 0.000099960 0.0000999600 0.9995000000 0.0000999600 0.0000999600
47 47 (0) 12 : 0.000099960 0.000099960 0.0000999600 0.9995000000 0.0000999600 0.0000999600
48 48 (0) 12 : 0.000099960 0.000099960 0.0000999600 0.9995000000 0.0000999600 0.0000999600
1 1 (0) 1 : 0.000099991 0.1043140000 0.1279530000 0.0644979000 0.0666688000 0.6364660000
2 2 (0) 1 : 0.000099990 0.0901997000 0.1479700000 0.0410876000 0.0808630000 0.6397790000
3 3 (0) 1 : 0.000099990 0.0451794000 0.1343290000 0.1277410000 0.0329592000 0.6596920000
4 4 (0) 1 : 0.000099990 0.0447245000 0.1645060000 0.1353460000 0.0316104000 0.6237120000
5 5 (0) 2 : 0.264344000 0.3587320000 0.0000999820 0.0000999820 0.0376516000 0.3390730000
6 6 (0) 2 : 0.211075000 0.4295680000 0.0000999820 0.0000999820 0.0281571000 0.3310000000
7 7 (0) 2 : 0.219700000 0.3985640000 0.0000999820 0.0000999820 0.0173180000 0.3642180000
8 8 (0) 2 : 0.272704000 0.3841770000 0.0000999820 0.0000999820 0.0223761000 0.3205420000
9 9 (0) 3 : 0.000099960 0.9995000000 0.0000999600 0.0000999600 0.0000999600 0.0000999600
10 10 (0) 3 : 0.000099960 0.9995000000 0.0000999600 0.0000999600 0.0000999600 0.0000999600
11 11 (0) 3 : 0.000099960 0.9995000000 0.0000999600 0.0000999600 0.0000999600 0.0000999600
12 12 (0) 3 : 0.033983800 0.8097710000 0.0674001000 0.0095016300 0.0323457000 0.0469975000
13 13 (0) 4 : 0.189301000 0.0142071000 0.0000999729 0.0000999729 0.0000999729 0.7961920000
14 14 (0) 4 : 0.000099960 0.0000999600 0.0000999600 0.0000999600 0.0000999600 0.9995000000
15 15 (0) 4 : 0.020643700 0.0000999639 0.0000999639 0.0000999639 0.0000999639 0.9789560000
16 16 (0) 4 : 0.000099960 0.0000999600 0.0000999600 0.0000999600 0.0000999600 0.9995000000
17 17 (0) 5 : 0.000099960 0.0000999600 0.0000999600 0.0000999600 0.9995000000 0.0000999600
18 18 (0) 5 : 0.002932290 0.0000999640 0.0000999640 0.0000999640 0.9966680000 0.0000999640
19 19 (0) 5 : 0.000099960 0.0000999600 0.0000999600 0.0000999600 0.9995000000 0.0000999600
20 20 (0) 5 : 0.008137200 0.0109516000 0.0000999820 0.0114769000 0.9692340000 0.0000999820
21 21 (0) 6 : 0.049377600 0.0000999820 0.9294190000 0.0031118800 0.0178912000 0.0000999820
22 22 (0) 6 : 0.022795300 0.0000999730 0.9638770000 0.0000999730 0.0130273000 0.0000999730
23 23 (0) 6 : 0.000099960 0.0000999600 0.9995000000 0.0000999600 0.0000999600 0.0000999600
24 24 (0) 6 : 0.016463400 0.0000999640 0.9831370000 0.0000999640 0.0000999640 0.0000999640
25 25 (0) 7 : 0.000099982 0.2234240000 0.6907380000 0.0000999820 0.0546919000 0.0309462000
26 26 (0) 7 : 0.000099982 0.1685690000 0.7853490000 0.0000999820 0.0040850000 0.0417979000
27 27 (0) 7 : 0.000099973 0.1903800000 0.7845960000 0.0000999730 0.0247236000 0.0000999730
28 28 (0) 7 : 0.000099982 0.2229090000 0.6671200000 0.0000999820 0.0732940000 0.0364769000
29 29 (0) 8 : 0.002623690 0.0000999820 0.8415550000 0.1410310000 0.0145894000 0.0000999820
30 30 (0) 8 : 0.124591000 0.0000999820 0.8284010000 0.0297665000 0.0170422000 0.0000999820
31 31 (0) 8 : 0.000099973 0.0000999730 0.9467120000 0.0364471000 0.0000999730 0.0165412000
32 32 (0) 8 : 0.000099964 0.0000999640 0.9773560000 0.0222440000 0.0000999640 0.0000999640
33 33 (0) 9 : 0.974709000 0.0000999730 0.0204771000 0.0045141100 0.0000999730 0.0000999730
34 34 (0) 9 : 0.999500000 0.0000999600 0.0000999600 0.0000999600 0.0000999600 0.0000999600
35 35 (0) 9 : 0.999500000 0.0000999600 0.0000999600 0.0000999600 0.0000999600 0.0000999600
36 36 (0) 9 : 0.975964000 0.0000999640 0.0236362000 0.0000999640 0.0000999640 0.0000999640
37 37 (0) 10 : 0.029831200 0.0526574000 0.0654598000 0.7351930000 0.0337884000 0.0830701000
38 38 (0) 10 : 0.000789925 0.0256539000 0.0000999910 0.8503490000 0.0007468460 0.1223610000
39 39 (0) 10 : 0.011709500 0.0388994000 0.0893997000 0.7211950000 0.0070512400 0.1317450000
40 40 (0) 10 : 0.000099991 0.0252745000 0.0107887000 0.8170620000 0.0157004000 0.1310740000
41 41 (0) 11 : 0.000099964 0.0000999640 0.0515935000 0.9480070000 0.0000999640 0.0000999640
42 42 (0) 11 : 0.008354720 0.0000999820 0.2399250000 0.7433110000 0.0000999820 0.0082086500
43 43 (0) 11 : 0.019990800 0.0029081800 0.1936560000 0.7508110000 0.0000999910 0.0325340000
44 44 (0) 11 : 0.069460800 0.0229808000 0.1962010000 0.6782790000 0.0264792000 0.0065991600
45 45 (0) 12 : 0.000544068 0.0000999639 0.0000999639 0.9990560000 0.0000999639 0.0000999639
46 46 (0) 12 : 0.000099960 0.0000999600 0.0000999600 0.9995000000 0.0000999600 0.0000999600
47 47 (0) 12 : 0.000099960 0.0000999600 0.0000999600 0.9995000000 0.0000999600 0.0000999600
48 48 (0) 12 : 0.000099960 0.0000999600 0.0000999600 0.9995000000 0.0000999600 0.0000999600
1 1 (0) 1 : 0.000099991 0.1280370000 0.6149820000 0.0654328000 0.1268340000 0.0646150000
2 2 (0) 1 : 0.000099990 0.1237790000 0.6267280000 0.0635346000 0.1108720000 0.0749860000
3 3 (0) 1 : 0.000099990 0.0596996000 0.6164220000 0.0466065000 0.1267590000 0.1504130000
4 4 (0) 1 : 0.000099990 0.0710755000 0.6030550000 0.0472998000 0.1271820000 0.1512880000
5 5 (0) 2 : 0.218316000 0.4165680000 0.3257370000 0.0391783000 0.0000999820 0.0000999820
6 6 (0) 2 : 0.203855000 0.4660470000 0.2966770000 0.0332213000 0.0000999820 0.0000999820
7 7 (0) 2 : 0.215313000 0.4532020000 0.3123780000 0.0189064000 0.0000999820 0.0000999820
8 8 (0) 2 : 0.237922000 0.4113290000 0.3219500000 0.0262535000 0.0000999910 0.0024451100
9 9 (0) 3 : 0.000099960 0.9995000000 0.0000999600 0.0000999600 0.0000999600 0.0000999600
10 10 (0) 3 : 0.000099960 0.9995000000 0.0000999600 0.0000999600 0.0000999600 0.0000999600
11 11 (0) 3 : 0.000099960 0.9995000000 0.0000999600 0.0000999600 0.0000999600 0.0000999600
12 12 (0) 3 : 0.000099990 0.8229250000 0.0447851000 0.0294743000 0.0724351000 0.0302803000
13 13 (0) 4 : 0.184337000 0.0137003000 0.7901370000 0.0116254000 0.0000999820 0.0000999820
14 14 (0) 4 : 0.000099960 0.0000999600 0.9995000000 0.0000999600 0.0000999600 0.0000999600
15 15 (0) 4 : 0.011123500 0.0000999729 0.9782750000 0.0000999729 0.0103019000 0.0000999729
16 16 (0) 4 : 0.000099960 0.0000999600 0.9995000000 0.0000999600 0.0000999600 0.0000999600
17 17 (0) 5 : 0.000099960 0.0000999600 0.0000999600 0.9995000000 0.0000999600 0.0000999600
18 18 (0) 5 : 0.000099960 0.0000999600 0.0000999600 0.9995000000 0.0000999600 0.0000999600
19 19 (0) 5 : 0.000099960 0.0000999600 0.0000999600 0.9995000000 0.0000999600 0.0000999600
20 20 (0) 5 : 0.008510300 0.0000999640 0.0000999640 0.9910900000 0.0000999640 0.0000999640
21 21 (0) 6 : 0.040416000 0.0000999820 0.0000999820 0.0185573000 0.9393880000 0.0014389700
22 22 (0) 6 : 0.004967890 0.0000999730 0.0000999730 0.0020800200 0.9926520000 0.0000999730
23 23 (0) 6 : 0.001980560 0.0000999640 0.0000999640 0.0000999640 0.9976200000 0.0000999640
24 24 (0) 6 : 0.002580860 0.0000999640 0.0000999640 0.0000999640 0.9970190000 0.0000999640
25 25 (0) 7 : 0.000099982 0.2456720000 0.0117665000 0.0701489000 0.6722120000 0.0000999820
26 26 (0) 7 : 0.000099982 0.1854260000 0.0201034000 0.0028363200 0.7914350000 0.0000999820
27 27 (0) 7 : 0.000099973 0.2028350000 0.0000999730 0.0134982000 0.7833670000 0.0000999730
28 28 (0) 7 : 0.000099990 0.2614000000 0.0034554700 0.0753558000 0.6398160000 0.0198735000
29 29 (0) 8 : 0.012525800 0.0000999730 0.0000999730 0.0000999730 0.8488020000 0.1383720000
30 30 (0) 8 : 0.106265000 0.0000999910 0.0052531300 0.0071282900 0.8400160000 0.0412375000
31 31 (0) 8 : 0.000099973 0.0000999730 0.0018529700 0.0000999730 0.9608600000 0.0369870000
32 32 (0) 8 : 0.000099964 0.0000999640 0.0000999640 0.0000999640 0.9756100000 0.0239900000
33 33 (0) 9 : 0.974490000 0.0000999730 0.0000999730 0.0033731900 0.0218365000 0.0000999730
34 34 (0) 9 : 0.999500000 0.0000999600 0.0000999600 0.0000999600 0.0000999600 0.0000999600
35 35 (0) 9 : 0.999500000 0.0000999600 0.0000999600 0.0000999600 0.0000999600 0.0000999600
36 36 (0) 9 : 0.999500000 0.0000999600 0.0000999600 0.0000999600 0.0000999600 0.0000999600
37 37 (0) 10 : 0.013823000 0.0548467000 0.0861370000 0.0392704000 0.0550712000 0.7508520000
38 38 (0) 10 : 0.017021000 0.0168556000 0.1230430000 0.0110451000 0.0000999910 0.8319360000
39 39 (0) 10 : 0.001606760 0.0347488000 0.1312950000 0.0018020400 0.1053490000 0.7251990000
40 40 (0) 10 : 0.000099991 0.0113779000 0.1209270000 0.0354144000 0.0180516000 0.8141300000
41 41 (0) 11 : 0.000099964 0.0000999640 0.0000999640 0.0000999640 0.0273695000 0.9722310000
42 42 (0) 11 : 0.020670200 0.0000999820 0.0240682000 0.0000999820 0.1912370000 0.7638240000
43 43 (0) 11 : 0.009641980 0.0036214300 0.0591869000 0.0000999910 0.1770430000 0.7504060000
44 44 (0) 11 : 0.070597600 0.0377928000 0.0000999910 0.0296229000 0.1593890000 0.7024970000
45 45 (0) 12 : 0.010161400 0.0000999639 0.0000999639 0.0000999639 0.0000999639 0.9894390000
46 46 (0) 12 : 0.000099960 0.0000999600 0.0000999600 0.0000999600 0.0000999600 0.9995000000
47 47 (0) 12 : 0.000099960 0.0000999600 0.0000999600 0.0000999600 0.0000999600 0.9995000000
48 48 (0) 12 : 0.000099960 0.0000999600 0.0000999600 0.0000999600 0.0000999600 0.9995000000
1 1 (0) 1 : 0.0000999910 0.1349000000 0.0851594000 0.0556761000 0.1084430000 0.6157220000
2 2 (0) 1 : 0.0000999900 0.1233180000 0.0859719000 0.0521573000 0.1191750000 0.6192780000
3 3 (0) 1 : 0.0000999900 0.0758543000 0.0308389000 0.1499210000 0.1081360000 0.6351500000
4 4 (0) 1 : 0.0000999900 0.0695526000 0.0276008000 0.1496460000 0.1585190000 0.5945810000
5 5 (0) 2 : 0.2811720000 0.3946350000 0.0364009000 0.0000999820 0.0000999820 0.2875920000
6 6 (0) 2 : 0.2458040000 0.4628620000 0.0478053000 0.0000999820 0.0000999820 0.2433280000
7 7 (0) 2 : 0.2664400000 0.4433770000 0.0075741200 0.0000999820 0.0000999820 0.2824090000
8 8 (0) 2 : 0.2987930000 0.3930510000 0.0303245000 0.0000999820 0.0000999820 0.2776320000
9 9 (0) 3 : 0.0000999600 0.9995000000 0.0000999600 0.0000999600 0.0000999600 0.0000999600
10 10 (0) 3 : 0.0000999600 0.9995000000 0.0000999600 0.0000999600 0.0000999600 0.0000999600
11 11 (0) 3 : 0.0000999600 0.9995000000 0.0000999600 0.0000999600 0.0000999600 0.0000999600
12 12 (0) 3 : 0.0080544100 0.8312430000 0.0158553000 0.0200736000 0.0572017000 0.0675720000
13 13 (0) 4 : 0.2022320000 0.0262913000 0.0032712700 0.0000999820 0.0000999820 0.7680050000
14 14 (0) 4 : 0.0000999600 0.0000999600 0.0000999600 0.0000999600 0.0000999600 0.9995000000
15 15 (0) 4 : 0.0094628800 0.0000999639 0.0000999639 0.0000999639 0.0000999639 0.9901370000
16 16 (0) 4 : 0.0000999600 0.0000999600 0.0000999600 0.0000999600 0.0000999600 0.9995000000
17 17 (0) 5 : 0.0000999600 0.0000999600 0.9995000000 0.0000999600 0.0000999600 0.0000999600
18 18 (0) 5 : 0.0006212960 0.0000999640 0.9989790000 0.0000999640 0.0000999640 0.0000999640
19 19 (0) 5 : 0.0000999600 0.0000999600 0.9995000000 0.0000999600 0.0000999600 0.0000999600
20 20 (0) 5 : 0.0089666400 0.0000999730 0.9853420000 0.0053913300 0.0000999730 0.0000999730
21 21 (0) 6 : 0.0336263000 0.0000999729 0.0304130000 0.0000999729 0.9356610000 0.0000999729
22 22 (0) 6 : 0.0168893000 0.0000999640 0.0000999640 0.0000999640 0.9827110000 0.0000999640
23 23 (0) 6 : 0.0000999600 0.0000999600 0.0000999600 0.0000999600 0.9995000000 0.0000999600
24 24 (0) 6 : 0.0174719000 0.0000999640 0.0000999640 0.0000999640 0.9821280000 0.0000999640
25 25 (0) 7 : 0.0000999820 0.2448420000 0.0797192000 0.0000999820 0.6636370000 0.0116025000
26 26 (0) 7 : 0.0000999820 0.1849330000 0.0121308000 0.0000999820 0.7722720000 0.0304646000
27 27 (0) 7 : 0.0000999730 0.2070590000 0.0242215000 0.0000999730 0.7684200000 0.0000999730
28 28 (0) 7 : 0.0000999729 0.2619580000 0.0940853000 0.0000999729 0.6436570000 0.0000999729
29 29 (0) 8 : 0.0411378000 0.0000999730 0.0000999730 0.1224680000 0.8360940000 0.0000999730
30 30 (0) 8 : 0.0881763000 0.0000999910 0.0097266600 0.0388145000 0.8622620000 0.0009205690
31 31 (0) 8 : 0.0000999730 0.0000999730 0.0000999730 0.0374969000 0.9477920000 0.0144109000
32 32 (0) 8 : 0.0000999640 0.0000999640 0.0000999640 0.0094150000 0.9901850000 0.0000999640
33 33 (0) 9 : 0.9597780000 0.0000999820 0.0044966200 0.0311161000 0.0044091200 0.0000999820
34 34 (0) 9 : 0.9995000000 0.0000999600 0.0000999600 0.0000999600 0.0000999600 0.0000999600
35 35 (0) 9 : 0.9995000000 0.0000999600 0.0000999600 0.0000999600 0.0000999600 0.0000999600
36 36 (0) 9 : 0.9881260000 0.0000999640 0.0000999640 0.0000999640 0.0114746000 0.0000999640
37 37 (0) 10 : 0.0446377000 0.0564849000 0.0373804000 0.7749980000 0.0245298000 0.0619691000
38 38 (0) 10 : 0.0201323000 0.0100235000 0.0000999910 0.8529980000 0.0025645500 0.1141820000
39 39 (0) 10 : 0.0225242000 0.0279011000 0.0000999910 0.7634790000 0.0658400000 0.1201560000
40 40 (0) 10 : 0.0000999910 0.0198876000 0.0112319000 0.8478770000 0.0121085000 0.1087950000
41 41 (0) 11 : 0.0000999730 0.0000999730 0.0017628100 0.9627030000 0.0352339000 0.0000999730
42 42 (0) 11 : 0.0149200000 0.0000999820 0.0000999820 0.7704070000 0.1972920000 0.0171808000
43 43 (0) 11 : 0.0056858700 0.0098221900 0.0000999910 0.7657410000 0.1674300000 0.0512209000
44 44 (0) 11 : 0.0768611000 0.0290751000 0.0326419000 0.7046950000 0.1566270000 0.0000999910
45 45 (0) 12 : 0.0046786700 0.0000999639 0.0000999639 0.9949210000 0.0000999639 0.0000999639
46 46 (0) 12 : 0.0000999600 0.0000999600 0.0000999600 0.9995000000 0.0000999600 0.0000999600
47 47 (0) 12 : 0.0000999600 0.0000999600 0.0000999600 0.9995000000 0.0000999600 0.0000999600
48 48 (0) 12 : 0.0000999600 0.0000999600 0.0000999600 0.9995000000 0.0000999600 0.0000999600
1 1 (0) 1 : 0.1295270000 0.0814405000 0.000099991 0.0627578000 0.0968063000 0.6293690000
2 2 (0) 1 : 0.1232120000 0.0732430000 0.000099991 0.0608725000 0.0957554000 0.6468170000
3 3 (0) 1 : 0.0859617000 0.0169236000 0.000099991 0.1498140000 0.0657231000 0.6814780000
4 4 (0) 1 : 0.0872315000 0.0261294000 0.000099991 0.1355700000 0.1097710000 0.6411970000
5 5 (0) 2 : 0.1441700000 0.0000999639 0.855431000 0.0000999639 0.0000999639 0.0000999639
6 6 (0) 2 : 0.1917340000 0.0000999639 0.807866000 0.0000999639 0.0000999639 0.0000999639
7 7 (0) 2 : 0.1664640000 0.0000999639 0.833136000 0.0000999639 0.0000999639 0.0000999639
8 8 (0) 2 : 0.1456430000 0.0000999639 0.853957000 0.0000999639 0.0000999639 0.0000999639
9 9 (0) 3 : 0.9995000000 0.0000999600 0.000099960 0.0000999600 0.0000999600 0.0000999600
10 10 (0) 3 : 0.9995000000 0.0000999600 0.000099960 0.0000999600 0.0000999600 0.0000999600
11 11 (0) 3 : 0.9995000000 0.0000999600 0.000099960 0.0000999600 0.0000999600 0.0000999600
12 12 (0) 3 : 0.7926160000 0.0216408000 0.032272400 0.0285729000 0.0434707000 0.0814269000
13 13 (0) 4 : 0.0000999639 0.0000999639 0.244374000 0.0000999639 0.0000999639 0.7552260000
14 14 (0) 4 : 0.0000999600 0.0000999600 0.000099960 0.0000999600 0.0000999600 0.9995000000
15 15 (0) 4 : 0.0000999639 0.0000999639 0.019941600 0.0000999639 0.0000999639 0.9796590000
16 16 (0) 4 : 0.0000999600 0.0000999600 0.000099960 0.0000999600 0.0000999600 0.9995000000
17 17 (0) 5 : 0.0000999600 0.9995000000 0.000099960 0.0000999600 0.0000999600 0.0000999600
18 18 (0) 5 : 0.0000999600 0.9995000000 0.000099960 0.0000999600 0.0000999600 0.0000999600
19 19 (0) 5 : 0.0000999600 0.9995000000 0.000099960 0.0000999600 0.0000999600 0.0000999600
20 20 (0) 5 : 0.0000999640 0.9861320000 0.013468100 0.0000999640 0.0000999640 0.0000999640
21 21 (0) 6 : 0.0000999640 0.0000999640 0.000099964 0.0057139000 0.9938860000 0.0000999640
22 22 (0) 6 : 0.0000999640 0.0085145700 0.000099964 0.0000999640 0.9910860000 0.0000999640
23 23 (0) 6 : 0.0000999600 0.0000999600 0.000099960 0.0000999600 0.9995000000 0.0000999600
24 24 (0) 6 : 0.0000999600 0.0000999600 0.000099960 0.0000999600 0.9995000000 0.0000999600
25 25 (0) 7 : 0.2242150000 0.0625517000 0.000099982 0.0000999820 0.6792310000 0.0338029000
26 26 (0) 7 : 0.1610370000 0.0191348000 0.013669900 0.0000999910 0.7624840000 0.0435747000
27 27 (0) 7 : 0.1813180000 0.0190759000 0.010450200 0.0000999910 0.7736020000 0.0154542000
28 28 (0) 7 : 0.2388570000 0.0763895000 0.000099982 0.0000999820 0.6548300000 0.0297244000
29 29 (0) 8 : 0.0000999820 0.0041809300 0.000099982 0.1371670000 0.8553980000 0.0030535200
30 30 (0) 8 : 0.0000999820 0.0147783000 0.067546500 0.0447028000 0.8727720000 0.0000999820
31 31 (0) 8 : 0.0000999640 0.0000999640 0.000099964 0.0569242000 0.9426760000 0.0000999640
32 32 (0) 8 : 0.0000999640 0.0000999640 0.000099964 0.0336146000 0.9659860000 0.0000999640
33 33 (0) 9 : 0.0000999730 0.0000999730 0.766127000 0.0138191000 0.2197540000 0.0000999730
34 34 (0) 9 : 0.0000999639 0.0000999639 0.816675000 0.0000999639 0.1829250000 0.0000999639
35 35 (0) 9 : 0.0000999639 0.0000999639 0.802628000 0.0000999639 0.1969720000 0.0000999639
36 36 (0) 9 : 0.0000999639 0.0000999639 0.802385000 0.0000999639 0.1972150000 0.0000999639
37 37 (0) 10 : 0.0433450000 0.0388729000 0.045145200 0.7579450000 0.0468271000 0.0678648000
38 38 (0) 10 : 0.0028351800 0.0155086000 0.000099982 0.8439730000 0.0000999820 0.1374840000
39 39 (0) 10 : 0.0083387400 0.0000999910 0.025847100 0.7749820000 0.0578704000 0.1328620000
40 40 (0) 10 : 0.0399080000 0.0109467000 0.000099982 0.8436630000 0.0000999820 0.1052820000
41 41 (0) 11 : 0.0000999640 0.0000999640 0.000099964 0.9517120000 0.0478883000 0.0000999640
42 42 (0) 11 : 0.0000999910 0.0123903000 0.013055700 0.7681430000 0.1835520000 0.0227583000
43 43 (0) 11 : 0.0000999820 0.0000999820 0.005331130 0.7784490000 0.1715530000 0.0444663000
44 44 (0) 11 : 0.0232452000 0.0447159000 0.058033700 0.7120150000 0.1618910000 0.0000999910
45 45 (0) 12 : 0.0000999600 0.0000999600 0.000099960 0.9995000000 0.0000999600 0.0000999600
46 46 (0) 12 : 0.0000999600 0.0000999600 0.000099960 0.9995000000 0.0000999600 0.0000999600
47 47 (0) 12 : 0.0000999600 0.0000999600 0.000099960 0.9995000000 0.0000999600 0.0000999600
48 48 (0) 12 : 0.0000999600 0.0000999600 0.000099960 0.9995000000 0.0000999600 0.0000999600
1 1 (0) 1 : 0.000099991 0.1425050000 0.0589595000 0.0904544000 0.0611178000 0.6468630000
2 2 (0) 1 : 0.000099990 0.1314850000 0.0688755000 0.0924205000 0.0491407000 0.6579780000
3 3 (0) 1 : 0.000099991 0.0697069000 0.0215614000 0.1011040000 0.1266450000 0.6808820000
4 4 (0) 1 : 0.000099990 0.0669830000 0.0282604000 0.1427320000 0.1217130000 0.6402110000
5 5 (0) 2 : 0.868763000 0.1308380000 0.0000999639 0.0000999639 0.0000999639 0.0000999639
6 6 (0) 2 : 0.809630000 0.1899700000 0.0000999640 0.0000999640 0.0000999640 0.0000999640
7 7 (0) 2 : 0.820619000 0.1789810000 0.0000999639 0.0000999639 0.0000999639 0.0000999639
8 8 (0) 2 : 0.857986000 0.1416140000 0.0000999639 0.0000999639 0.0000999639 0.0000999639
9 9 (0) 3 : 0.000099960 0.9995000000 0.0000999600 0.0000999600 0.0000999600 0.0000999600
10 10 (0) 3 : 0.000099960 0.9995000000 0.0000999600 0.0000999600 0.0000999600 0.0000999600
11 11 (0) 3 : 0.000099960 0.9995000000 0.0000999600 0.0000999600 0.0000999600 0.0000999600
12 12 (0) 3 : 0.068655500 0.7707310000 0.0283598000 0.0559123000 0.0264723000 0.0498694000
13 13 (0) 4 : 0.250652000 0.0000999639 0.0000999639 0.0000999639 0.0000999639 0.7489480000
14 14 (0) 4 : 0.000099960 0.0000999600 0.0000999600 0.0000999600 0.0000999600 0.9995000000
15 15 (0) 4 : 0.025277700 0.0000999639 0.0000999639 0.0000999639 0.0000999639 0.9743220000
16 16 (0) 4 : 0.000099960 0.0000999600 0.0000999600 0.0000999600 0.0000999600 0.9995000000
17 17 (0) 5 : 0.000099960 0.0000999600 0.9995000000 0.0000999600 0.0000999600 0.0000999600
18 18 (0) 5 : 0.000099960 0.0000999600 0.9995000000 0.0000999600 0.0000999600 0.0000999600
19 19 (0) 5 : 0.000099960 0.0000999600 0.9995000000 0.0000999600 0.0000999600 0.0000999600
20 20 (0) 5 : 0.012120600 0.0076144700 0.9799650000 0.0000999730 0.0000999730 0.0000999730
21 21 (0) 6 : 0.000099973 0.0000999730 0.0293475000 0.9531260000 0.0172266000 0.0000999730
22 22 (0) 6 : 0.000099964 0.0000999640 0.0083559300 0.9912440000 0.0000999640 0.0000999640
23 23 (0) 6 : 0.000099960 0.0000999600 0.0000999600 0.9995000000 0.0000999600 0.0000999600
24 24 (0) 6 : 0.000099960 0.0000999600 0.0000999600 0.9995000000 0.0000999600 0.0000999600
25 25 (0) 7 : 0.000099982 0.2164800000 0.0649680000 0.6874720000 0.0000999820 0.0308793000
26 26 (0) 7 : 0.006000020 0.1459950000 0.0000999820 0.8066020000 0.0000999820 0.0412032000
27 27 (0) 7 : 0.000099982 0.1715620000 0.0155337000 0.7864480000 0.0000999820 0.0262567000
28 28 (0) 7 : 0.000099990 0.2137650000 0.0915018000 0.6561860000 0.0052056600 0.0332412000
29 29 (0) 8 : 0.020198800 0.0000999730 0.0000999730 0.8268910000 0.1526100000 0.0000999730
30 30 (0) 8 : 0.068915400 0.0000999820 0.0205338000 0.8574920000 0.0528586000 0.0000999820
31 31 (0) 8 : 0.000099973 0.0000999730 0.0003312240 0.9545620000 0.0448068000 0.0000999730
32 32 (0) 8 : 0.000099964 0.0000999640 0.0000999640 0.9620020000 0.0375980000 0.0000999640
33 33 (0) 9 : 0.772859000 0.0000999730 0.0000999730 0.2100400000 0.0168009000 0.0000999730
34 34 (0) 9 : 0.839094000 0.0000999639 0.0000999639 0.1605060000 0.0000999639 0.0000999639
35 35 (0) 9 : 0.838847000 0.0000999639 0.0000999639 0.1607530000 0.0000999639 0.0000999639
36 36 (0) 9 : 0.826579000 0.0000999639 0.0000999639 0.1730210000 0.0000999639 0.0000999639
37 37 (0) 10 : 0.068074300 0.0240395000 0.0421951000 0.0380512000 0.7524100000 0.0752301000
38 38 (0) 10 : 0.017653600 0.0061041000 0.0156234000 0.0040725500 0.8263540000 0.1301920000
39 39 (0) 10 : 0.025126300 0.0253178000 0.0059317000 0.0733286000 0.7402260000 0.1300690000
40 40 (0) 10 : 0.000099982 0.0074147800 0.0363655000 0.0000999820 0.8178520000 0.1381670000
41 41 (0) 11 : 0.000099964 0.0000999640 0.0000999640 0.0438584000 0.9557420000 0.0000999640
42 42 (0) 11 : 0.003702650 0.0000999910 0.0004227040 0.1993160000 0.7696750000 0.0267829000
43 43 (0) 11 : 0.014516100 0.0039468800 0.0000999910 0.1549230000 0.7731110000 0.0534032000
44 44 (0) 11 : 0.051506900 0.0301631000 0.0393625000 0.1494390000 0.7133810000 0.0161478000
45 45 (0) 12 : 0.000099960 0.0000999600 0.0000999600 0.0000999600 0.9995000000 0.0000999600
46 46 (0) 12 : 0.000099960 0.0000999600 0.0000999600 0.0000999600 0.9995000000 0.0000999600
47 47 (0) 12 : 0.000099960 0.0000999600 0.0000999600 0.0000999600 0.9995000000 0.0000999600
48 48 (0) 12 : 0.000099960 0.0000999600 0.0000999600 0.0000999600 0.9995000000 0.0000999600
1 1 (0) 1 : 0.1213030000 0.0538326000 0.6120690000 0.0791078000 0.1335880000 0.000099991
2 2 (0) 1 : 0.1411450000 0.0607634000 0.6176970000 0.0703443000 0.1099500000 0.000099991
3 3 (0) 1 : 0.1435190000 0.1360220000 0.6438780000 0.0150418000 0.0614387000 0.000099991
4 4 (0) 1 : 0.1682250000 0.1245700000 0.6285830000 0.0288486000 0.0496736000 0.000099991
5 5 (0) 2 : 0.0000999820 0.0000999820 0.3031180000 0.0287301000 0.4268580000 0.241094000
6 6 (0) 2 : 0.0000999820 0.0000999820 0.2939950000 0.0408064000 0.4494410000 0.215557000
7 7 (0) 2 : 0.0000999820 0.0000999820 0.3025180000 0.0097441100 0.4342230000 0.253315000
8 8 (0) 2 : 0.0000999820 0.0000999820 0.2948420000 0.0355747000 0.4182340000 0.251150000
9 9 (0) 3 : 0.0000999600 0.0000999600 0.0000999600 0.0000999600 0.9995000000 0.000099960
10 10 (0) 3 : 0.0000999600 0.0000999600 0.0000999600 0.0000999600 0.9995000000 0.000099960
11 11 (0) 3 : 0.0000999600 0.0000999600 0.0000999600 0.0000999600 0.9995000000 0.000099960
12 12 (0) 3 : 0.0774485000 0.0206407000 0.0431864000 0.0251012000 0.8230840000 0.010539500
13 13 (0) 4 : 0.0000999729 0.0000999729 0.7842800000 0.0000999729 0.0148162000 0.200604000
14 14 (0) 4 : 0.0000999600 0.0000999600 0.9995000000 0.0000999600 0.0000999600 0.000099960
15 15 (0) 4 : 0.0000999639 0.0000999639 0.9714140000 0.0000999639 0.0000999639 0.028185800
16 16 (0) 4 : 0.0000999600 0.0000999600 0.9995000000 0.0000999600 0.0000999600 0.000099960
17 17 (0) 5 : 0.0000999600 0.0000999600 0.0000999600 0.9995000000 0.0000999600 0.000099960
18 18 (0) 5 : 0.0000999600 0.0000999600 0.0000999600 0.9995000000 0.0000999600 0.000099960
19 19 (0) 5 : 0.0000999600 0.0000999600 0.0000999600 0.9995000000 0.0000999600 0.000099960
20 20 (0) 5 : 0.0000999730 0.0023303700 0.0000999730 0.9818010000 0.0000999730 0.015569000
21 21 (0) 6 : 0.9467840000 0.0005968230 0.0000999820 0.0088805900 0.0000999820 0.043538400
22 22 (0) 6 : 0.9745540000 0.0000999730 0.0000999730 0.0109657000 0.0000999730 0.014180700
23 23 (0) 6 : 0.9995000000 0.0000999600 0.0000999600 0.0000999600 0.0000999600 0.000099960
24 24 (0) 6 : 0.9839090000 0.0000999640 0.0000999640 0.0000999640 0.0000999640 0.015690900
25 25 (0) 7 : 0.6689450000 0.0000999820 0.0071130600 0.0679518000 0.2557900000 0.000099982
26 26 (0) 7 : 0.7854170000 0.0000999820 0.0180052000 0.0056788900 0.1906990000 0.000099982
27 27 (0) 7 : 0.7694320000 0.0000999730 0.0000999730 0.0266105000 0.2036580000 0.000099973
28 28 (0) 7 : 0.6330000000 0.0096683900 0.0000999820 0.0924043000 0.2647280000 0.000099982
29 29 (0) 8 : 0.8459350000 0.1189620000 0.0000999820 0.0005902010 0.0000999820 0.034312300
30 30 (0) 8 : 0.8403060000 0.0437596000 0.0019160100 0.0026446600 0.0000999910 0.111274000
31 31 (0) 8 : 0.9643310000 0.0352691000 0.0000999640 0.0000999640 0.0000999640 0.000099964
32 32 (0) 8 : 0.9765100000 0.0230897000 0.0000999640 0.0000999640 0.0000999640 0.000099964
33 33 (0) 9 : 0.0135181000 0.0098881100 0.0000999730 0.0000999730 0.0000999730 0.976294000
34 34 (0) 9 : 0.0000999600 0.0000999600 0.0000999600 0.0000999600 0.0000999600 0.999500000
35 35 (0) 9 : 0.0000999600 0.0000999600 0.0000999600 0.0000999600 0.0000999600 0.999500000
36 36 (0) 9 : 0.0152963000 0.0000999640 0.0000999640 0.0000999640 0.0000999640 0.984304000
37 37 (0) 10 : 0.0396792000 0.7616820000 0.1158470000 0.0379587000 0.0355822000 0.009250800
38 38 (0) 10 : 0.0000999820 0.8330560000 0.1218460000 0.0000999820 0.0200327000 0.024865600
39 39 (0) 10 : 0.0666607000 0.7335330000 0.1518200000 0.0168412000 0.0307788000 0.000365902
40 40 (0) 10 : 0.0219895000 0.8320310000 0.1269620000 0.0047499900 0.0141666000 0.000099991
41 41 (0) 11 : 0.0247855000 0.9748150000 0.0000999640 0.0000999640 0.0000999640 0.000099964
42 42 (0) 11 : 0.1949040000 0.7738670000 0.0309287000 0.0000999730 0.0000999730 0.000099973
43 43 (0) 11 : 0.1731630000 0.7683070000 0.0545258000 0.0000999820 0.0000999820 0.003803370
44 44 (0) 11 : 0.1569120000 0.6997350000 0.0029709400 0.0426025000 0.0329905000 0.064789100
45 45 (0) 12 : 0.0000999639 0.9850250000 0.0000999639 0.0000999639 0.0000999639 0.014575100
46 46 (0) 12 : 0.0000999600 0.9995000000 0.0000999600 0.0000999600 0.0000999600 0.000099960
47 47 (0) 12 : 0.0000999600 0.9995000000 0.0000999600 0.0000999600 0.0000999600 0.000099960
48 48 (0) 12 : 0.0000999600 0.9995000000 0.0000999600 0.0000999600 0.0000999600 0.000099960
1 1 (0) 1 : 0.0797698000 0.1419940000 0.0876416000 0.1024330000 0.5880610000 0.000099991
2 2 (0) 1 : 0.0594436000 0.1284030000 0.0868521000 0.1294210000 0.5957810000 0.000099991
3 3 (0) 1 : 0.1630960000 0.0718822000 0.0377708000 0.1146940000 0.6124580000 0.000099991
4 4 (0) 1 : 0.1516490000 0.0583592000 0.0254872000 0.1643700000 0.6000350000 0.000099991
5 5 (0) 2 : 0.0000999820 0.4038530000 0.0207404000 0.0000999820 0.2910760000 0.284130000
6 6 (0) 2 : 0.0000999820 0.4666660000 0.0341311000 0.0000999820 0.2504800000 0.248523000
7 7 (0) 2 : 0.0000999820 0.4597860000 0.0024946500 0.0000999820 0.2691070000 0.268412000
8 8 (0) 2 : 0.0000999820 0.4004340000 0.0345872000 0.0000999820 0.2980940000 0.266684000
9 9 (0) 3 : 0.0000999600 0.9995000000 0.0000999600 0.0000999600 0.0000999600 0.000099960
10 10 (0) 3 : 0.0000999600 0.9995000000 0.0000999600 0.0000999600 0.0000999600 0.000099960
11 11 (0) 3 : 0.0000999600 0.9995000000 0.0000999600 0.0000999600 0.0000999600 0.000099960
12 12 (0) 3 : 0.0260026000 0.8261720000 0.0207914000 0.0565293000 0.0584140000 0.012090900
13 13 (0) 4 : 0.0000999729 0.0035944800 0.0000999729 0.0000999729 0.8188350000 0.177271000
14 14 (0) 4 : 0.0000999600 0.0000999600 0.0000999600 0.0000999600 0.9995000000 0.000099960
15 15 (0) 4 : 0.0000999639 0.0000999639 0.0000999639 0.0000999639 0.9673410000 0.032258700
16 16 (0) 4 : 0.0000999600 0.0000999600 0.0000999600 0.0000999600 0.9995000000 0.000099960
17 17 (0) 5 : 0.0000999600 0.0000999600 0.9995000000 0.0000999600 0.0000999600 0.000099960
18 18 (0) 5 : 0.0000999640 0.0000999640 0.9957440000 0.0000999640 0.0000999640 0.003856310
19 19 (0) 5 : 0.0000999600 0.0000999600 0.9995000000 0.0000999600 0.0000999600 0.000099960
20 20 (0) 5 : 0.0016375200 0.0000999730 0.9770760000 0.0000999730 0.0000999730 0.020986500
21 21 (0) 6 : 0.0000999729 0.0000999729 0.0082000700 0.9621210000 0.0000999729 0.029378600
22 22 (0) 6 : 0.0000999730 0.0000999730 0.0144702000 0.9836680000 0.0000999730 0.001561960
23 23 (0) 6 : 0.0000999600 0.0000999600 0.0000999600 0.9995000000 0.0000999600 0.000099960
24 24 (0) 6 : 0.0000999600 0.0000999600 0.0000999600 0.9995000000 0.0000999600 0.000099960
25 25 (0) 7 : 0.0000999820 0.2413060000 0.0510189000 0.6827660000 0.0247083000 0.000099982
26 26 (0) 7 : 0.0000999730 0.1958640000 0.0000999730 0.7866410000 0.0171953000 0.000099973
27 27 (0) 7 : 0.0000999730 0.2093950000 0.0294837000 0.7608220000 0.0000999730 0.000099973
28 28 (0) 7 : 0.0055041900 0.2601910000 0.0741537000 0.6482660000 0.0117857000 0.000099991
29 29 (0) 8 : 0.1284120000 0.0000999820 0.0093501900 0.8255120000 0.0000999820 0.036525800
30 30 (0) 8 : 0.0403844000 0.0000999820 0.0140689000 0.8475670000 0.0000999820 0.097780000
31 31 (0) 8 : 0.0654620000 0.0000999820 0.0000999820 0.9070100000 0.0128386000 0.014489700
32 32 (0) 8 : 0.0380448000 0.0000999640 0.0000999640 0.9615550000 0.0000999640 0.000099964
33 33 (0) 9 : 0.0102023000 0.0000999820 0.0004053860 0.0221621000 0.0000999820 0.967030000
34 34 (0) 9 : 0.0000999600 0.0000999600 0.0000999600 0.0000999600 0.0000999600 0.999500000
35 35 (0) 9 : 0.0000999600 0.0000999600 0.0000999600 0.0000999600 0.0000999600 0.999500000
36 36 (0) 9 : 0.0000999640 0.0000999640 0.0000999640 0.0085746300 0.0000999640 0.991026000
37 37 (0) 10 : 0.7779470000 0.0660395000 0.0280923000 0.0308292000 0.0346136000 0.062478300
38 38 (0) 10 : 0.8452210000 0.0078369500 0.0121283000 0.0006459840 0.0996276000 0.034539800
39 39 (0) 10 : 0.7388560000 0.0165367000 0.0081827900 0.0802479000 0.1182750000 0.037902200
40 40 (0) 10 : 0.8399710000 0.0018379900 0.0330667000 0.0064292800 0.1069390000 0.011756600
41 41 (0) 11 : 0.9723870000 0.0000999640 0.0000999640 0.0272129000 0.0000999640 0.000099964
42 42 (0) 11 : 0.7820360000 0.0000999730 0.0000999730 0.1914090000 0.0000999730 0.026254300
43 43 (0) 11 : 0.7825860000 0.0000999820 0.0000999820 0.1843690000 0.0240127000 0.008831730
44 44 (0) 11 : 0.6978820000 0.0253504000 0.0415535000 0.1485510000 0.0000999910 0.086562300
45 45 (0) 12 : 0.9995000000 0.0000999600 0.0000999600 0.0000999600 0.0000999600 0.000099960
46 46 (0) 12 : 0.9995000000 0.0000999600 0.0000999600 0.0000999600 0.0000999600 0.000099960
47 47 (0) 12 : 0.9995000000 0.0000999600 0.0000999600 0.0000999600 0.0000999600 0.000099960
48 48 (0) 12 : 0.9995000000 0.0000999600 0.0000999600 0.0000999600 0.0000999600 0.000099960
