1 1 (0) 1 : 0.062279900 0.0531078000 0.0000999819 0.0000999819 0.0107254000 0.8736870000
2 2 (0) 1 : 0.045301500 0.0391561000 0.0000999819 0.0000999819 0.0274526000 0.8878900000
3 3 (0) 1 : 0.000099960 0.0000999600 0.0000999600 0.0000999600 0.0000999600 0.9995000000
4 4 (0) 1 : 0.000099960 0.0000999600 0.0000999600 0.0000999600 0.0000999600 0.9995000000
5 5 (0) 2 : 0.552659000 0.3490350000 0.0024418300 0.0000999910 0.0324580000 0.0633066000
6 6 (0) 2 : 0.487498000 0.3995920000 0.0000999820 0.0000999820 0.0291323000 0.0835776000
7 7 (0) 2 : 0.517324000 0.3973830000 0.0000999820 0.0000999820 0.0225360000 0.0625573000
8 8 (0) 2 : 0.567415000 0.3469650000 0.0100858000 0.0000999910 0.0233712000 0.0520638000
9 9 (0) 3 : 0.000099960 0.9995000000 0.0000999600 0.0000999600 0.0000999600 0.0000999600
10 10 (0) 3 : 0.000099960 0.9995000000 0.0000999600 0.0000999600 0.0000999600 0.0000999600
11 11 (0) 3 : 0.000099960 0.9995000000 0.0000999600 0.0000999600 0.0000999600 0.0000999600
12 12 (0) 3 : 0.039977300 0.8192710000 0.0149938000 0.0547273000 0.0220298000 0.0490006000
13 13 (0) 4 : 0.820281000 0.0095498400 0.0000999729 0.0000999729 0.0000999729 0.1698690000
14 14 (0) 4 : 0.999500000 0.0000999600 0.0000999600 0.0000999600 0.0000999600 0.0000999600
15 15 (0) 4 : 0.901075000 0.0000999640 0.0000999640 0.0000999640 0.0000999640 0.0985250000
16 16 (0) 4 : 0.999500000 0.0000999600 0.0000999600 0.0000999600 0.0000999600 0.0000999600
17 17 (0) 5 : 0.000099960 0.0000999600 0.0000999600 0.0000999600 0.9995000000 0.0000999600
18 18 (0) 5 : 0.000099960 0.0000999600 0.0000999600 0.0000999600 0.9995000000 0.0000999600
19 19 (0) 5 : 0.000099960 0.0000999600 0.0000999600 0.0000999600 0.9995000000 0.0000999600
20 20 (0) 5 : 0.001523950 0.0039208800 0.0200825000 0.0000999820 0.9742730000 0.0000999820
21 21 (0) 6 : 0.000099973 0.0000999730 0.0000999730 0.9702530000 0.0160735000 0.0133738000
22 22 (0) 6 : 0.000099964 0.0000999640 0.0000999640 0.9991910000 0.0004094510 0.0000999640
23 23 (0) 6 : 0.000099960 0.0000999600 0.0000999600 0.9995000000 0.0000999600 0.0000999600
24 24 (0) 6 : 0.000099964 0.0000999640 0.0000999640 0.9870860000 0.0000999640 0.0125144000
25 25 (0) 7 : 0.000099982 0.2231950000 0.0000999820 0.6294550000 0.0634262000 0.0837231000
26 26 (0) 7 : 0.000099973 0.1347100000 0.0000999730 0.7167050000 0.0000999730 0.1482850000
27 27 (0) 7 : 0.000099982 0.1666170000 0.0000999820 0.7236850000 0.0109517000 0.0985463000
28 28 (0) 7 : 0.000099982 0.2299950000 0.0000999820 0.6189300000 0.0675444000 0.0833300000
29 29 (0) 8 : 0.034555200 0.0000999820 0.1294260000 0.8331450000 0.0026736500 0.0000999820
30 30 (0) 8 : 0.064484200 0.0000999820 0.0437001000 0.8865500000 0.0050659900 0.0000999820
31 31 (0) 8 : 0.001683520 0.0000999820 0.0429915000 0.9535030000 0.0016220100 0.0000999820
32 32 (0) 8 : 0.000099964 0.0000999640 0.0281515000 0.9714490000 0.0000999640 0.0000999640
33 33 (0) 9 : 0.710322000 0.0000999729 0.0205749000 0.2688040000 0.0000999729 0.0000999729
34 34 (0) 9 : 0.748561000 0.0000999729 0.0048306200 0.2463090000 0.0000999729 0.0000999729
35 35 (0) 9 : 0.755414000 0.0000999639 0.0000999639 0.2441860000 0.0000999639 0.0000999639
36 36 (0) 9 : 0.727234000 0.0000999730 0.0075355200 0.2649310000 0.0000999730 0.0000999730
37 37 (0) 10 : 0.030597400 0.0143501000 0.6638090000 0.0683065000 0.0201644000 0.2027730000
38 38 (0) 10 : 0.000099964 0.0000999640 0.7370490000 0.0000999640 0.0000999640 0.2625510000
39 39 (0) 10 : 0.006997380 0.0149953000 0.6544400000 0.0723717000 0.0000999910 0.2510960000
40 40 (0) 10 : 0.000099973 0.0000999730 0.7175610000 0.0131330000 0.0000999730 0.2690060000
41 41 (0) 11 : 0.000099982 0.0000999820 0.9354290000 0.0394268000 0.0046283800 0.0203159000
42 42 (0) 11 : 0.000099973 0.0000999730 0.7270750000 0.2064740000 0.0000999730 0.0661503000
43 43 (0) 11 : 0.012843300 0.0000999820 0.7230960000 0.1605300000 0.0000999820 0.1033310000
44 44 (0) 11 : 0.061091600 0.0363315000 0.6836280000 0.1854540000 0.0333956000 0.0000999910
45 45 (0) 12 : 0.000099960 0.0000999600 0.9995000000 0.0000999600 0.0000999600 0.0000999600
46 46 (0) 12 : 0.000099960 0.0000999600 0.9995000000 0.0000999600 0.0000999600 0.0000999600
47 47 (0) 12 : 0.000099960 0.0000999600 0.9995000000 0.0000999600 0.0000999600 0.0000999600
48 48 (0) 12 : 0.000099960 0.0000999600 0.9995000000 0.0000999600 0.0000999600 0.0000999600
1 1 (0) 1 : 0.0000999819 0.8729290000 0.060525500 0.0274820000 0.0000999819 0.0388635000
2 2 (0) 1 : 0.0000999819 0.8920880000 0.051682000 0.0195102000 0.0000999819 0.0365195000
3 3 (0) 1 : 0.0000999600 0.9995000000 0.000099960 0.0000999600 0.0000999600 0.0000999600
4 4 (0) 1 : 0.0000999600 0.9995000000 0.000099960 0.0000999600 0.0000999600 0.0000999600
5 5 (0) 2 : 0.0000999820 0.0695234000 0.597481000 0.0266648000 0.0000999820 0.3061310000
6 6 (0) 2 : 0.0000999820 0.0280805000 0.552571000 0.0349077000 0.0000999820 0.3842410000
7 7 (0) 2 : 0.0000999820 0.0325959000 0.595342000 0.0147551000 0.0000999820 0.3571070000
8 8 (0) 2 : 0.0000999820 0.0138430000 0.619940000 0.0302448000 0.0000999820 0.3357720000
9 9 (0) 3 : 0.0000999600 0.0000999600 0.000099960 0.0000999600 0.0000999600 0.9995000000
10 10 (0) 3 : 0.0000999600 0.0000999600 0.000099960 0.0000999600 0.0000999600 0.9995000000
11 11 (0) 3 : 0.0000999600 0.0000999600 0.000099960 0.0000999600 0.0000999600 0.9995000000
12 12 (0) 3 : 0.0395695000 0.0564820000 0.033026900 0.0267307000 0.0154217000 0.8287690000
13 13 (0) 4 : 0.0000999639 0.1443350000 0.855266000 0.0000999639 0.0000999639 0.0000999639
14 14 (0) 4 : 0.0000999600 0.0000999600 0.999500000 0.0000999600 0.0000999600 0.0000999600
15 15 (0) 4 : 0.0000999640 0.0987311000 0.900869000 0.0000999640 0.0000999640 0.0000999640
16 16 (0) 4 : 0.0000999600 0.0000999600 0.999500000 0.0000999600 0.0000999600 0.0000999600
17 17 (0) 5 : 0.0051585300 0.0000999640 0.000099964 0.9944420000 0.0000999640 0.0000999640
18 18 (0) 5 : 0.0000999600 0.0000999600 0.000099960 0.9995000000 0.0000999600 0.0000999600
19 19 (0) 5 : 0.0000999600 0.0000999600 0.000099960 0.9995000000 0.0000999600 0.0000999600
20 20 (0) 5 : 0.0026440700 0.0034511300 0.000099982 0.9830350000 0.0106701000 0.0000999820
21 21 (0) 6 : 0.9662510000 0.0100262000 0.000099982 0.0119783000 0.0115441000 0.0000999820
22 22 (0) 6 : 0.9870040000 0.0034224600 0.000099973 0.0092733200 0.0000999730 0.0000999730
23 23 (0) 6 : 0.9995000000 0.0000999600 0.000099960 0.0000999600 0.0000999600 0.0000999600
24 24 (0) 6 : 0.9908130000 0.0087872200 0.000099964 0.0000999640 0.0000999640 0.0000999640
25 25 (0) 7 : 0.6551140000 0.0601711000 0.000099982 0.0563177000 0.0000999820 0.2281970000
26 26 (0) 7 : 0.7235160000 0.1377090000 0.000099973 0.0000999730 0.0000999730 0.1384750000
27 27 (0) 7 : 0.7144610000 0.1187020000 0.000099982 0.0097476400 0.0000999820 0.1568890000
28 28 (0) 7 : 0.6276220000 0.0740003000 0.000099991 0.0634703000 0.0053016500 0.2295060000
29 29 (0) 8 : 0.8408400000 0.0000999730 0.023345700 0.0000999730 0.1355150000 0.0000999730
30 30 (0) 8 : 0.8931360000 0.0000999820 0.067276200 0.0027323900 0.0366558000 0.0000999820
31 31 (0) 8 : 0.9230810000 0.0000999730 0.005883920 0.0000999730 0.0707351000 0.0000999730
32 32 (0) 8 : 0.9753050000 0.0000999640 0.000099964 0.0000999640 0.0242949000 0.0000999640
33 33 (0) 9 : 0.3039230000 0.0000999729 0.664044000 0.0000999729 0.0317332000 0.0000999729
34 34 (0) 9 : 0.3099990000 0.0000999640 0.689601000 0.0000999640 0.0000999640 0.0000999640
35 35 (0) 9 : 0.2931340000 0.0000999729 0.704936000 0.0016298800 0.0000999729 0.0000999729
36 36 (0) 9 : 0.3144590000 0.0000999639 0.685141000 0.0000999639 0.0000999639 0.0000999639
37 37 (0) 10 : 0.0293483000 0.1996920000 0.018138900 0.0256348000 0.7094720000 0.0177142000
38 38 (0) 10 : 0.0000999640 0.2457910000 0.000099964 0.0000999640 0.7538100000 0.0000999640
39 39 (0) 10 : 0.0517762000 0.2408630000 0.027519400 0.0000999820 0.6796410000 0.0000999820
40 40 (0) 10 : 0.0000999640 0.2285120000 0.000099964 0.0000999640 0.7710880000 0.0000999640
41 41 (0) 11 : 0.0147780000 0.0053917000 0.000099982 0.0036521200 0.9759780000 0.0000999820
42 42 (0) 11 : 0.1811850000 0.0970162000 0.000099973 0.0000999730 0.7214990000 0.0000999730
43 43 (0) 11 : 0.1655710000 0.0984177000 0.000099982 0.0000999820 0.7337600000 0.0020521000
44 44 (0) 11 : 0.1681130000 0.0174793000 0.046799000 0.0480356000 0.6813280000 0.0382445000
45 45 (0) 12 : 0.0000999600 0.0000999600 0.000099960 0.0000999600 0.9995000000 0.0000999600
46 46 (0) 12 : 0.0000999600 0.0000999600 0.000099960 0.0000999600 0.9995000000 0.0000999600
47 47 (0) 12 : 0.0000999600 0.0000999600 0.000099960 0.0000999600 0.9995000000 0.0000999600
48 48 (0) 12 : 0.0000999600 0.0000999600 0.000099960 0.0000999600 0.9995000000 0.0000999600
1 1 (0) 1 : 0.0360716000 0.0408072000 0.0129827000 0.0000999820 0.0000999820 0.9099380000
2 2 (0) 1 : 0.0485475000 0.0283957000 0.0127593000 0.0000999819 0.0000999819 0.9100980000
3 3 (0) 1 : 0.0000999600 0.0000999600 0.0000999600 0.0000999600 0.0000999600 0.9995000000
4 4 (0) 1 : 0.0000999600 0.0000999600 0.0000999600 0.0000999600 0.0000999600 0.9995000000
5 5 (0) 2 : 0.6454990000 0.2889130000 0.0160988000 0.0000999820 0.0000999820 0.0492886000
6 6 (0) 2 : 0.5800860000 0.3521900000 0.0135767000 0.0000999820 0.0000999820 0.0539480000
7 7 (0) 2 : 0.6222060000 0.3248380000 0.0047911100 0.0000999820 0.0000999820 0.0479646000
8 8 (0) 2 : 0.6524760000 0.2902010000 0.0203748000 0.0000999820 0.0000999820 0.0367487000
9 9 (0) 3 : 0.0000999600 0.9995000000 0.0000999600 0.0000999600 0.0000999600 0.0000999600
10 10 (0) 3 : 0.0000999600 0.9995000000 0.0000999600 0.0000999600 0.0000999600 0.0000999600
11 11 (0) 3 : 0.0000999600 0.9995000000 0.0000999600 0.0000999600 0.0000999600 0.0000999600
12 12 (0) 3 : 0.0511494000 0.8011670000 0.0079291100 0.0573947000 0.0319630000 0.0503966000
13 13 (0) 4 : 0.8376860000 0.0000999639 0.0000999639 0.0000999639 0.0000999639 0.1619140000
14 14 (0) 4 : 0.9995000000 0.0000999600 0.0000999600 0.0000999600 0.0000999600 0.0000999600
15 15 (0) 4 : 0.8812970000 0.0000999640 0.0000999640 0.0000999640 0.0000999640 0.1183030000
16 16 (0) 4 : 0.9852050000 0.0000999639 0.0000999639 0.0000999639 0.0000999639 0.0143947000
17 17 (0) 5 : 0.0000999640 0.0000999640 0.9922100000 0.0073903200 0.0000999640 0.0000999640
18 18 (0) 5 : 0.0000999640 0.0000999640 0.9982260000 0.0000999640 0.0000999640 0.0013739500
19 19 (0) 5 : 0.0000999600 0.0000999600 0.9995000000 0.0000999600 0.0000999600 0.0000999600
20 20 (0) 5 : 0.0024463200 0.0022222400 0.9950320000 0.0000999730 0.0000999730 0.0000999730
21 21 (0) 6 : 0.0000999820 0.0000999820 0.0232494000 0.9603090000 0.0149945000 0.0012471800
22 22 (0) 6 : 0.0000999640 0.0000999640 0.0089850000 0.9906150000 0.0000999640 0.0000999640
23 23 (0) 6 : 0.0000999600 0.0000999600 0.0000999600 0.9995000000 0.0000999600 0.0000999600
24 24 (0) 6 : 0.0000999600 0.0000999600 0.0000999600 0.9995000000 0.0000999600 0.0000999600
25 25 (0) 7 : 0.0000999820 0.2433540000 0.0539365000 0.6401770000 0.0000999820 0.0623323000
26 26 (0) 7 : 0.0000999820 0.1296520000 0.0060287900 0.7140480000 0.0000999820 0.1500720000
27 27 (0) 7 : 0.0000999820 0.1509340000 0.0159902000 0.7094080000 0.0000999820 0.1234680000
28 28 (0) 7 : 0.0000999820 0.2295580000 0.0724048000 0.6140460000 0.0000999820 0.0837914000
29 29 (0) 8 : 0.0143952000 0.0000999820 0.0083217400 0.8152540000 0.1618300000 0.0000999820
30 30 (0) 8 : 0.0675768000 0.0000999820 0.0119182000 0.8779320000 0.0423734000 0.0000999820
31 31 (0) 8 : 0.0000999640 0.0000999640 0.0000999640 0.9298980000 0.0697023000 0.0000999640
32 32 (0) 8 : 0.0000999640 0.0000999640 0.0000999640 0.9569970000 0.0426027000 0.0000999640
33 33 (0) 9 : 0.7287630000 0.0000999820 0.0022532600 0.2581580000 0.0106259000 0.0000999820
34 34 (0) 9 : 0.7413600000 0.0000999730 0.0000999730 0.2552780000 0.0030622000 0.0000999730
35 35 (0) 9 : 0.7401780000 0.0000999639 0.0000999639 0.2594220000 0.0000999639 0.0000999639
36 36 (0) 9 : 0.7464940000 0.0000999639 0.0000999639 0.2531060000 0.0000999639 0.0000999639
37 37 (0) 10 : 0.0295898000 0.0189326000 0.0116619000 0.0328103000 0.7438590000 0.1631470000
38 38 (0) 10 : 0.0092248400 0.0000999730 0.0000999730 0.0000999730 0.7674800000 0.2229950000
39 39 (0) 10 : 0.0382341000 0.0201996000 0.0059084500 0.0408498000 0.6963280000 0.1984800000
40 40 (0) 10 : 0.0000999640 0.0000999640 0.0000999640 0.0000999640 0.7617540000 0.2378460000
41 41 (0) 11 : 0.0000999820 0.0000999820 0.0050331700 0.0589233000 0.9342450000 0.0015985300
42 42 (0) 11 : 0.0000999730 0.0000999730 0.0000999730 0.1688220000 0.7673010000 0.0635771000
43 43 (0) 11 : 0.0097776900 0.0040275900 0.0002666240 0.1699360000 0.7530330000 0.0629588000
44 44 (0) 11 : 0.0539028000 0.0439318000 0.0359809000 0.1605970000 0.7054880000 0.0000999910
45 45 (0) 12 : 0.0000999639 0.0000999639 0.0064907100 0.0000999639 0.9931090000 0.0000999639
46 46 (0) 12 : 0.0000999600 0.0000999600 0.0000999600 0.0000999600 0.9995000000 0.0000999600
47 47 (0) 12 : 0.0000999600 0.0000999600 0.0000999600 0.0000999600 0.9995000000 0.0000999600
48 48 (0) 12 : 0.0000999600 0.0000999600 0.0000999600 0.0000999600 0.9995000000 0.0000999600
1 1 (0) 1 : 0.0000999820 0.0269077000 0.0189648000 0.058838600 0.0000999820 0.8950890000
2 2 (0) 1 : 0.0000999819 0.0301050000 0.0189357000 0.053830200 0.0000999819 0.8969290000
3 3 (0) 1 : 0.0000999600 0.0000999600 0.0000999600 0.000099960 0.0000999600 0.9995000000
4 4 (0) 1 : 0.0000999600 0.0000999600 0.0000999600 0.000099960 0.0000999600 0.9995000000
5 5 (0) 2 : 0.0000999900 0.2755320000 0.0142466000 0.663449000 0.0116612000 0.0350119000
6 6 (0) 2 : 0.0000999820 0.3462520000 0.0414685000 0.590902000 0.0000999820 0.0211776000
7 7 (0) 2 : 0.0000999820 0.3147620000 0.0152128000 0.640272000 0.0000999820 0.0295536000
8 8 (0) 2 : 0.0000999820 0.3011060000 0.0000999820 0.680577000 0.0039541800 0.0141628000
9 9 (0) 3 : 0.0000999600 0.9995000000 0.0000999600 0.000099960 0.0000999600 0.0000999600
10 10 (0) 3 : 0.0000999600 0.9995000000 0.0000999600 0.000099960 0.0000999600 0.0000999600
11 11 (0) 3 : 0.0000999600 0.9995000000 0.0000999600 0.000099960 0.0000999600 0.0000999600
12 12 (0) 3 : 0.0402216000 0.7960330000 0.0278446000 0.060511100 0.0133597000 0.0620299000
13 13 (0) 4 : 0.0000999730 0.0029054100 0.0000999730 0.865237000 0.0000999730 0.1315580000
14 14 (0) 4 : 0.0000999600 0.0000999600 0.0000999600 0.999500000 0.0000999600 0.0000999600
15 15 (0) 4 : 0.0000999640 0.0000999640 0.0000999640 0.895997000 0.0000999640 0.1036030000
16 16 (0) 4 : 0.0000999600 0.0000999600 0.0000999600 0.999500000 0.0000999600 0.0000999600
17 17 (0) 5 : 0.0000999600 0.0000999600 0.9995000000 0.000099960 0.0000999600 0.0000999600
18 18 (0) 5 : 0.0000999600 0.0000999600 0.9995000000 0.000099960 0.0000999600 0.0000999600
19 19 (0) 5 : 0.0000999600 0.0000999600 0.9995000000 0.000099960 0.0000999600 0.0000999600
20 20 (0) 5 : 0.0000999820 0.0026751500 0.9925380000 0.000099982 0.0008396100 0.0037470300
21 21 (0) 6 : 0.9606040000 0.0000999820 0.0135310000 0.000099982 0.0083540200 0.0173110000
22 22 (0) 6 : 0.9874220000 0.0000999640 0.0121780000 0.000099964 0.0000999640 0.0000999640
23 23 (0) 6 : 0.9995000000 0.0000999600 0.0000999600 0.000099960 0.0000999600 0.0000999600
24 24 (0) 6 : 0.9995000000 0.0000999600 0.0000999600 0.000099960 0.0000999600 0.0000999600
25 25 (0) 7 : 0.6325820000 0.2254560000 0.0782304000 0.000099982 0.0000999820 0.0635315000
26 26 (0) 7 : 0.7124940000 0.1208540000 0.0000999730 0.000099973 0.0000999730 0.1663520000
27 27 (0) 7 : 0.7006420000 0.1502490000 0.0189067000 0.000099982 0.0000999820 0.1300020000
28 28 (0) 7 : 0.6024850000 0.2401160000 0.0885833000 0.000099991 0.0007391860 0.0679758000
29 29 (0) 8 : 0.8528220000 0.0000999820 0.0009354210 0.015945100 0.1300980000 0.0000999820
30 30 (0) 8 : 0.8789130000 0.0000999820 0.0046509600 0.075497100 0.0407389000 0.0000999820
31 31 (0) 8 : 0.9456590000 0.0000999640 0.0000999640 0.000099964 0.0539413000 0.0000999640
32 32 (0) 8 : 0.9683590000 0.0000999640 0.0000999640 0.000099964 0.0312409000 0.0000999640
33 33 (0) 9 : 0.2926100000 0.0000999730 0.0000999730 0.671980000 0.0351107000 0.0000999730
34 34 (0) 9 : 0.2649180000 0.0000999639 0.0000999639 0.734683000 0.0000999639 0.0000999639
35 35 (0) 9 : 0.2673180000 0.0000999639 0.0000999639 0.732282000 0.0000999639 0.0000999639
36 36 (0) 9 : 0.2893390000 0.0000999730 0.0000999730 0.703435000 0.0069259900 0.0000999730
37 37 (0) 10 : 0.0631126000 0.0401947000 0.0045376200 0.009748050 0.7149270000 0.1674800000
38 38 (0) 10 : 0.0000999640 0.0000999640 0.0000999640 0.000099964 0.7515180000 0.2480820000
39 39 (0) 10 : 0.0645159000 0.0065125700 0.0000999910 0.023921000 0.6689360000 0.2360140000
40 40 (0) 10 : 0.0000999820 0.0017643600 0.0005693530 0.000099982 0.7597350000 0.2377310000
41 41 (0) 11 : 0.0475998000 0.0000999800 0.0021303700 0.000099980 0.9437470000 0.0063227100
42 42 (0) 11 : 0.1947800000 0.0000999700 0.0000999700 0.000099970 0.7292770000 0.0756434000
43 43 (0) 11 : 0.1801820000 0.0002229300 0.0000999910 0.024534200 0.7095800000 0.0853803000
44 44 (0) 11 : 0.1831770000 0.0386459000 0.0364354000 0.034424600 0.6977380000 0.0095790200
45 45 (0) 12 : 0.0000999600 0.0000999600 0.0000999600 0.000099960 0.9995000000 0.0000999600
46 46 (0) 12 : 0.0000999600 0.0000999600 0.0000999600 0.000099960 0.9995000000 0.0000999600
47 47 (0) 12 : 0.0000999600 0.0000999600 0.0000999600 0.000099960 0.9995000000 0.0000999600
48 48 (0) 12 : 0.0000999600 0.0000999600 0.0000999600 0.000099960 0.9995000000 0.0000999600
1 1 (0) 1 : 0.0396051000 0.0000999800 0.0592675000 0.8845910000 0.0000999800 0.0163360000
2 2 (0) 1 : 0.0145101000 0.0000999819 0.0626008000 0.8889650000 0.0000999819 0.0337245000
3 3 (0) 1 : 0.0000999600 0.0000999600 0.0000999600 0.9995000000 0.0000999600 0.0000999600
4 4 (0) 1 : 0.0000999600 0.0000999600 0.0000999600 0.9995000000 0.0000999600 0.0000999600
5 5 (0) 2 : 0.2870950000 0.0000999820 0.6585160000 0.0296629000 0.0000999820 0.0245259000
6 6 (0) 2 : 0.3082690000 0.0000999820 0.6131270000 0.0420455000 0.0000999820 0.0363592000
7 7 (0) 2 : 0.2961540000 0.0000999820 0.6619070000 0.0335025000 0.0000999820 0.0082367700
8 8 (0) 2 : 0.2727340000 0.0000999910 0.6949010000 0.0137217000 0.0008484140 0.0176953000
9 9 (0) 3 : 0.9995000000 0.0000999600 0.0000999600 0.0000999600 0.0000999600 0.0000999600
10 10 (0) 3 : 0.9995000000 0.0000999600 0.0000999600 0.0000999600 0.0000999600 0.0000999600
11 11 (0) 3 : 0.9995000000 0.0000999600 0.0000999600 0.0000999600 0.0000999600 0.0000999600
12 12 (0) 3 : 0.7977940000 0.0477881000 0.0622149000 0.0659991000 0.0095758700 0.0166278000
13 13 (0) 4 : 0.0064041800 0.0000999729 0.8552900000 0.1380060000 0.0000999729 0.0000999729
14 14 (0) 4 : 0.0000999600 0.0000999600 0.9995000000 0.0000999600 0.0000999600 0.0000999600
15 15 (0) 4 : 0.0000999640 0.0000999640 0.8964750000 0.1031250000 0.0000999640 0.0000999640
16 16 (0) 4 : 0.0000999600 0.0000999600 0.9995000000 0.0000999600 0.0000999600 0.0000999600
17 17 (0) 5 : 0.0000999600 0.0000999600 0.0000999600 0.0000999600 0.0000999600 0.9995000000
18 18 (0) 5 : 0.0000999600 0.0000999600 0.0000999600 0.0000999600 0.0000999600 0.9995000000
19 19 (0) 5 : 0.0000999675 0.0000999675 0.0000999675 0.0000999675 0.0045916200 0.9950090000
20 20 (0) 5 : 0.0000999730 0.0000999730 0.0090436100 0.0000999730 0.0081325000 0.9825240000
21 21 (0) 6 : 0.0000999820 0.9664490000 0.0000999820 0.0137297000 0.0049118600 0.0147090000
22 22 (0) 6 : 0.0000999640 0.9942570000 0.0000999640 0.0000999640 0.0000999640 0.0053431800
23 23 (0) 6 : 0.0000999600 0.9995000000 0.0000999600 0.0000999600 0.0000999600 0.0000999600
24 24 (0) 6 : 0.0000999640 0.9841280000 0.0000999640 0.0154724000 0.0000999640 0.0000999640
25 25 (0) 7 : 0.2257370000 0.6377940000 0.0000999820 0.0769493000 0.0000999820 0.0593200000
26 26 (0) 7 : 0.1430240000 0.7170770000 0.0000999730 0.1395990000 0.0000999730 0.0000999730
27 27 (0) 7 : 0.1589940000 0.7151450000 0.0000999820 0.1195810000 0.0000999820 0.0060798900
28 28 (0) 7 : 0.2244540000 0.6116870000 0.0000999820 0.0906428000 0.0000999820 0.0730161000
29 29 (0) 8 : 0.0000999820 0.8558040000 0.0052999400 0.0000999820 0.1286640000 0.0100328000
30 30 (0) 8 : 0.0000999820 0.8443360000 0.0713889000 0.0000999820 0.0676859000 0.0163891000
31 31 (0) 8 : 0.0000999640 0.9642770000 0.0000999640 0.0000999640 0.0353235000 0.0000999640
32 32 (0) 8 : 0.0000999640 0.9676190000 0.0000999640 0.0000999640 0.0319807000 0.0000999640
33 33 (0) 9 : 0.0000999730 0.2945170000 0.6848240000 0.0000999730 0.0203589000 0.0000999730
34 34 (0) 9 : 0.0000999730 0.2622480000 0.7311490000 0.0000999730 0.0000999730 0.0063034700
35 35 (0) 9 : 0.0000999639 0.2881620000 0.7114380000 0.0000999639 0.0000999639 0.0000999639
36 36 (0) 9 : 0.0000999640 0.2890210000 0.7105790000 0.0000999640 0.0000999640 0.0000999640
37 37 (0) 10 : 0.0289286000 0.0500946000 0.0000999910 0.2109170000 0.6942820000 0.0156781000
38 38 (0) 10 : 0.0000999640 0.0000999640 0.0000999640 0.2776940000 0.7219060000 0.0000999640
39 39 (0) 10 : 0.0054221200 0.0557919000 0.0222405000 0.2342110000 0.6770940000 0.0052399500
40 40 (0) 10 : 0.0000999640 0.0000999640 0.0000999640 0.2758750000 0.7237250000 0.0000999640
41 41 (0) 11 : 0.0000999640 0.0581530000 0.0000999640 0.0000999640 0.9414470000 0.0000999640
42 42 (0) 11 : 0.0000999730 0.2042580000 0.0000999730 0.0765475000 0.7188950000 0.0000999730
43 43 (0) 11 : 0.0000999820 0.1893390000 0.0089051400 0.0743271000 0.7272290000 0.0000999820
44 44 (0) 11 : 0.0441284000 0.1852720000 0.0422885000 0.0000999910 0.6875980000 0.0406135000
45 45 (0) 12 : 0.0000999639 0.0000999639 0.0053465500 0.0000999639 0.9942540000 0.0000999639
46 46 (0) 12 : 0.0000999600 0.0000999600 0.0000999600 0.0000999600 0.9995000000 0.0000999600
47 47 (0) 12 : 0.0000999600 0.0000999600 0.0000999600 0.0000999600 0.9995000000 0.0000999600
48 48 (0) 12 : 0.0000999600 0.0000999600 0.0000999600 0.0000999600 0.9995000000 0.0000999600
1 1 (0) 1 : 0.8838900000 0.0000999819 0.0385732000 0.0000999819 0.0188207000 0.058515900
2 2 (0) 1 : 0.8860480000 0.0000999819 0.0275859000 0.0000999819 0.0220465000 0.064120100
3 3 (0) 1 : 0.9995000000 0.0000999600 0.0000999600 0.0000999600 0.0000999600 0.000099960
4 4 (0) 1 : 0.9995000000 0.0000999600 0.0000999600 0.0000999600 0.0000999600 0.000099960
5 5 (0) 2 : 0.0178124000 0.0000999820 0.3112140000 0.0000999820 0.0386405000 0.632133000
6 6 (0) 2 : 0.0420011000 0.0000999820 0.3560380000 0.0000999820 0.0222233000 0.579537000
7 7 (0) 2 : 0.0367181000 0.0000999820 0.3457400000 0.0000999820 0.0201733000 0.597169000
8 8 (0) 2 : 0.0059032300 0.0000999910 0.3098470000 0.0134687000 0.0246245000 0.646056000
9 9 (0) 3 : 0.0000999600 0.0000999600 0.9995000000 0.0000999600 0.0000999600 0.000099960
10 10 (0) 3 : 0.0000999600 0.0000999600 0.9995000000 0.0000999600 0.0000999600 0.000099960
11 11 (0) 3 : 0.0000999600 0.0000999600 0.9995000000 0.0000999600 0.0000999600 0.000099960
12 12 (0) 3 : 0.0545514000 0.0358375000 0.8112900000 0.0245707000 0.0250993000 0.048651200
13 13 (0) 4 : 0.1388600000 0.0000999729 0.0040769900 0.0000999729 0.0000999729 0.856763000
14 14 (0) 4 : 0.0000999600 0.0000999600 0.0000999600 0.0000999600 0.0000999600 0.999500000
15 15 (0) 4 : 0.1034860000 0.0000999640 0.0000999640 0.0000999640 0.0000999640 0.896114000
16 16 (0) 4 : 0.0046250000 0.0000999639 0.0000999639 0.0000999639 0.0000999639 0.994975000
17 17 (0) 5 : 0.0000999600 0.0000999600 0.0000999600 0.0000999600 0.9995000000 0.000099960
18 18 (0) 5 : 0.0000999640 0.0000999640 0.0000999640 0.0000999640 0.9981140000 0.001486530
19 19 (0) 5 : 0.0000999600 0.0000999600 0.0000999600 0.0000999600 0.9995000000 0.000099960
20 20 (0) 5 : 0.0118750000 0.0000999730 0.0000999730 0.0000999730 0.9839260000 0.003899370
21 21 (0) 6 : 0.0069620300 0.9819230000 0.0000999730 0.0000999730 0.0108148000 0.000099973
22 22 (0) 6 : 0.0000999640 0.9934750000 0.0000999640 0.0000999640 0.0061252200 0.000099964
23 23 (0) 6 : 0.0000999600 0.9995000000 0.0000999600 0.0000999600 0.0000999600 0.000099960
24 24 (0) 6 : 0.0000999600 0.9995000000 0.0000999600 0.0000999600 0.0000999600 0.000099960
25 25 (0) 7 : 0.0846132000 0.6495420000 0.2190130000 0.0000999820 0.0466315000 0.000099982
26 26 (0) 7 : 0.1280200000 0.7180090000 0.1536710000 0.0000999730 0.0000999730 0.000099973
27 27 (0) 7 : 0.1120540000 0.7221210000 0.1589330000 0.0000999820 0.0066927000 0.000099982
28 28 (0) 7 : 0.0791996000 0.6007910000 0.2390160000 0.0100317000 0.0708617000 0.000099991
29 29 (0) 8 : 0.0000999730 0.8350490000 0.0000999730 0.1496240000 0.0000999730 0.015026600
30 30 (0) 8 : 0.0000999820 0.8687410000 0.0000999820 0.0365160000 0.0156881000 0.078855000
31 31 (0) 8 : 0.0000999730 0.9538550000 0.0000999730 0.0346632000 0.0000999730 0.011181400
32 32 (0) 8 : 0.0000999640 0.9688040000 0.0000999640 0.0307966000 0.0000999640 0.000099964
33 33 (0) 9 : 0.0000999730 0.2986410000 0.0000999730 0.0046724900 0.0000999730 0.696386000
34 34 (0) 9 : 0.0000999639 0.2804940000 0.0000999639 0.0000999639 0.0000999639 0.719106000
35 35 (0) 9 : 0.0000999639 0.2827300000 0.0000999639 0.0000999639 0.0000999639 0.716871000
36 36 (0) 9 : 0.0000999640 0.2929590000 0.0000999640 0.0000999640 0.0000999640 0.706642000
37 37 (0) 10 : 0.2266510000 0.0326375000 0.0227077000 0.6964830000 0.0214211000 0.000099991
38 38 (0) 10 : 0.2746350000 0.0000999640 0.0000999640 0.7249650000 0.0000999640 0.000099964
39 39 (0) 10 : 0.2423510000 0.0688093000 0.0077335800 0.6492950000 0.0000999910 0.031710900
40 40 (0) 10 : 0.2733460000 0.0000999640 0.0000999640 0.7262540000 0.0000999640 0.000099964
41 41 (0) 11 : 0.0177053000 0.0466120000 0.0000999730 0.9353830000 0.0000999730 0.000099973
42 42 (0) 11 : 0.0765806000 0.2037320000 0.0000999910 0.7115700000 0.0021614700 0.005856310
43 43 (0) 11 : 0.1042530000 0.1763710000 0.0120718000 0.7009600000 0.0000999910 0.006244690
44 44 (0) 11 : 0.0096913300 0.1585140000 0.0504769000 0.7066610000 0.0410667000 0.033589600
45 45 (0) 12 : 0.0000999600 0.0000999600 0.0000999600 0.9995000000 0.0000999600 0.000099960
46 46 (0) 12 : 0.0000999600 0.0000999600 0.0000999600 0.9995000000 0.0000999600 0.000099960
47 47 (0) 12 : 0.0000999600 0.0000999600 0.0000999600 0.9995000000 0.0000999600 0.000099960
48 48 (0) 12 : 0.0000999600 0.0000999600 0.0000999600 0.9995000000 0.0000999600 0.000099960
1 1 (0) 1 : 0.9002130000 0.046207500 0.0112396000 0.0000999800 0.0421398000 0.0000999800
2 2 (0) 1 : 0.8938260000 0.056501900 0.0134901000 0.0000999819 0.0359821000 0.0000999819
3 3 (0) 1 : 0.9995000000 0.000099960 0.0000999600 0.0000999600 0.0000999600 0.0000999600
4 4 (0) 1 : 0.9995000000 0.000099960 0.0000999600 0.0000999600 0.0000999600 0.0000999600
5 5 (0) 2 : 0.0254215000 0.564024000 0.0430845000 0.0140903000 0.3532800000 0.0000999910
6 6 (0) 2 : 0.0337729000 0.529829000 0.0406219000 0.0000999820 0.3955760000 0.0000999820
7 7 (0) 2 : 0.0260468000 0.570696000 0.0254542000 0.0000999820 0.3776030000 0.0000999820
8 8 (0) 2 : 0.0000999820 0.590818000 0.0485012000 0.0151702000 0.3453100000 0.0000999820
9 9 (0) 3 : 0.0000999600 0.000099960 0.0000999600 0.0000999600 0.9995000000 0.0000999600
10 10 (0) 3 : 0.0000999600 0.000099960 0.0000999600 0.0000999600 0.9995000000 0.0000999600
11 11 (0) 3 : 0.0000999600 0.000099960 0.0000999600 0.0000999600 0.9995000000 0.0000999600
12 12 (0) 3 : 0.0423488000 0.043346000 0.0238987000 0.0201681000 0.8150640000 0.0551747000
13 13 (0) 4 : 0.1563960000 0.836894000 0.0000999730 0.0000999730 0.0064105700 0.0000999730
14 14 (0) 4 : 0.0000999600 0.999500000 0.0000999600 0.0000999600 0.0000999600 0.0000999600
15 15 (0) 4 : 0.1138280000 0.885772000 0.0000999640 0.0000999640 0.0000999640 0.0000999640
16 16 (0) 4 : 0.0000999600 0.999500000 0.0000999600 0.0000999600 0.0000999600 0.0000999600
17 17 (0) 5 : 0.0000999600 0.000099960 0.9995000000 0.0000999600 0.0000999600 0.0000999600
18 18 (0) 5 : 0.0000999640 0.001010800 0.9985890000 0.0000999640 0.0000999640 0.0000999640
19 19 (0) 5 : 0.0000999600 0.000099960 0.9995000000 0.0000999600 0.0000999600 0.0000999600
20 20 (0) 5 : 0.0043210700 0.000099982 0.9840100000 0.0074615900 0.0000999820 0.0040071700
21 21 (0) 6 : 0.0136847000 0.000099982 0.0144356000 0.0034688800 0.0000999820 0.9682110000
22 22 (0) 6 : 0.0000999640 0.000099964 0.0065685600 0.0000999640 0.0000999640 0.9930320000
23 23 (0) 6 : 0.0000999600 0.000099960 0.0000999600 0.0000999600 0.0000999600 0.9995000000
24 24 (0) 6 : 0.0150292000 0.000099964 0.0000999640 0.0000999640 0.0000999640 0.9845710000
25 25 (0) 7 : 0.0641253000 0.000099982 0.0624272000 0.0000999820 0.2332420000 0.6400060000
26 26 (0) 7 : 0.1545550000 0.000099973 0.0000999730 0.0000999730 0.1134080000 0.7317370000
27 27 (0) 7 : 0.1199880000 0.000099982 0.0009386080 0.0000999820 0.1552710000 0.7236020000
28 28 (0) 7 : 0.0856725000 0.000099980 0.0715341000 0.0000999800 0.2305940000 0.6119990000
29 29 (0) 8 : 0.0000999820 0.032473700 0.0067314700 0.1157470000 0.0000999820 0.8448480000
30 30 (0) 8 : 0.0000999730 0.058445600 0.0000999730 0.0511645000 0.0000999730 0.8900900000
31 31 (0) 8 : 0.0000999730 0.004988170 0.0000999730 0.0575554000 0.0000999730 0.9371570000
32 32 (0) 8 : 0.0000999640 0.000099964 0.0000999640 0.0408500000 0.0000999640 0.9587500000
33 33 (0) 9 : 0.0000999800 0.677866000 0.0050168800 0.0321900000 0.0000999800 0.2847270000
34 34 (0) 9 : 0.0000999643 0.732864000 0.0000999643 0.0000999643 0.0000999643 0.2667360000
35 35 (0) 9 : 0.0000999820 0.723455000 0.0043567800 0.0011559000 0.0000999820 0.2708320000
36 36 (0) 9 : 0.0000999730 0.726389000 0.0000999730 0.0005328010 0.0000999730 0.2727780000
37 37 (0) 10 : 0.1864950000 0.004003440 0.0357218000 0.7050970000 0.0242286000 0.0444541000
38 38 (0) 10 : 0.2405940000 0.000099964 0.0000999640 0.7590060000 0.0000999640 0.0000999640
39 39 (0) 10 : 0.2316900000 0.052837900 0.0000999820 0.6645580000 0.0000999820 0.0507149000
40 40 (0) 10 : 0.2432580000 0.000099973 0.0137853000 0.7426570000 0.0000999730 0.0000999730
41 41 (0) 11 : 0.0043282800 0.000099982 0.0019967200 0.9437640000 0.0000999820 0.0497114000
42 42 (0) 11 : 0.0768412000 0.012148500 0.0000999820 0.7519300000 0.0000999820 0.1588810000
43 43 (0) 11 : 0.0702011000 0.035514200 0.0000999900 0.7428920000 0.0035868500 0.1477060000
44 44 (0) 11 : 0.0000999900 0.052716800 0.0473153000 0.6857880000 0.0461083000 0.1679710000
45 45 (0) 12 : 0.0000999600 0.000099960 0.0000999600 0.9995000000 0.0000999600 0.0000999600
46 46 (0) 12 : 0.0000999600 0.000099960 0.0000999600 0.9995000000 0.0000999600 0.0000999600
47 47 (0) 12 : 0.0000999600 0.000099960 0.0000999600 0.9995000000 0.0000999600 0.0000999600
48 48 (0) 12 : 0.0000999600 0.000099960 0.0000999600 0.9995000000 0.0000999600 0.0000999600
1 1 (0) 1 : 0.052380300 0.0258928000 0.0000999820 0.9147080000 0.0068191600 0.0000999820
2 2 (0) 1 : 0.050563800 0.0355739000 0.0000999819 0.8896530000 0.0240091000 0.0000999819
3 3 (0) 1 : 0.000099960 0.0000999600 0.0000999600 0.9995000000 0.0000999600 0.0000999600
4 4 (0) 1 : 0.000099960 0.0000999600 0.0000999600 0.9995000000 0.0000999600 0.0000999600
5 5 (0) 2 : 0.672412000 0.2696110000 0.0000999910 0.0085073900 0.0364926000 0.0128770000
6 6 (0) 2 : 0.596861000 0.3273110000 0.0000999820 0.0419067000 0.0337209000 0.0000999820
7 7 (0) 2 : 0.639511000 0.3005950000 0.0000999820 0.0403303000 0.0193643000 0.0000999820
8 8 (0) 2 : 0.671996000 0.2662190000 0.0000999910 0.0119875000 0.0343667000 0.0153313000
9 9 (0) 3 : 0.000099960 0.9995000000 0.0000999600 0.0000999600 0.0000999600 0.0000999600
10 10 (0) 3 : 0.000099960 0.9995000000 0.0000999600 0.0000999600 0.0000999600 0.0000999600
11 11 (0) 3 : 0.000099960 0.9995000000 0.0000999600 0.0000999600 0.0000999600 0.0000999600
12 12 (0) 3 : 0.072163600 0.7935720000 0.0497085000 0.0369955000 0.0195014000 0.0280591000
13 13 (0) 4 : 0.852217000 0.0000999639 0.0000999639 0.1473830000 0.0000999639 0.0000999639
14 14 (0) 4 : 0.999500000 0.0000999600 0.0000999600 0.0000999600 0.0000999600 0.0000999600
15 15 (0) 4 : 0.880421000 0.0000999639 0.0000999639 0.1191790000 0.0000999639 0.0000999639
16 16 (0) 4 : 0.999500000 0.0000999600 0.0000999600 0.0000999600 0.0000999600 0.0000999600
17 17 (0) 5 : 0.000099960 0.0000999600 0.0000999600 0.0000999600 0.9995000000 0.0000999600
18 18 (0) 5 : 0.000099960 0.0000999600 0.0000999600 0.0000999600 0.9995000000 0.0000999600
19 19 (0) 5 : 0.000099960 0.0000999600 0.0000999600 0.0000999600 0.9995000000 0.0000999600
20 20 (0) 5 : 0.000099964 0.0000999640 0.0043973000 0.0000999640 0.9952030000 0.0000999640
21 21 (0) 6 : 0.000099982 0.0000999820 0.9777030000 0.0166986000 0.0027073500 0.0026906600
22 22 (0) 6 : 0.000099964 0.0000999640 0.9975180000 0.0000999640 0.0020826200 0.0000999640
23 23 (0) 6 : 0.000099960 0.0000999600 0.9995000000 0.0000999600 0.0000999600 0.0000999600
24 24 (0) 6 : 0.000099964 0.0000999640 0.9970680000 0.0025316500 0.0000999640 0.0000999640
25 25 (0) 7 : 0.000099982 0.2226300000 0.6079380000 0.1156400000 0.0535922000 0.0000999820
26 26 (0) 7 : 0.000099973 0.1625140000 0.6882050000 0.1489820000 0.0000999730 0.0000999730
27 27 (0) 7 : 0.000099982 0.1824890000 0.6891780000 0.1140530000 0.0140794000 0.0000999820
28 28 (0) 7 : 0.000099990 0.2388380000 0.6087150000 0.0803802000 0.0677171000 0.0042503600
29 29 (0) 8 : 0.000099973 0.0000999730 0.8629180000 0.0000999730 0.0084130200 0.1283690000
30 30 (0) 8 : 0.075483300 0.0000999820 0.8685650000 0.0000999820 0.0116204000 0.0441315000
31 31 (0) 8 : 0.000099964 0.0000999640 0.9610660000 0.0000999640 0.0000999640 0.0385343000
32 32 (0) 8 : 0.000099964 0.0000999640 0.9607480000 0.0000999640 0.0000999640 0.0388525000
33 33 (0) 9 : 0.682853000 0.0000999730 0.2896060000 0.0000999730 0.0000999730 0.0272406000
34 34 (0) 9 : 0.699183000 0.0000999639 0.3004180000 0.0000999639 0.0000999639 0.0000999639
35 35 (0) 9 : 0.678985000 0.0000999729 0.3074780000 0.0000999729 0.0132369000 0.0000999729
36 36 (0) 9 : 0.698876000 0.0000999730 0.3000290000 0.0000999730 0.0000999730 0.0007950090
37 37 (0) 10 : 0.030303000 0.0434757000 0.0508017000 0.1649920000 0.0147942000 0.6956330000
38 38 (0) 10 : 0.007969620 0.0000999910 0.0126399000 0.2158120000 0.0047869900 0.7586910000
39 39 (0) 10 : 0.066404500 0.0096169500 0.0551574000 0.1892120000 0.0000999910 0.6795090000
40 40 (0) 10 : 0.000099982 0.0080151700 0.0000999820 0.2037690000 0.0044178500 0.7835980000
41 41 (0) 11 : 0.000099973 0.0000999730 0.0565439000 0.0000999730 0.0024863300 0.9406700000
42 42 (0) 11 : 0.015581500 0.0000999820 0.1794420000 0.0649863000 0.0000999820 0.7397900000
43 43 (0) 11 : 0.019447800 0.0007141270 0.1727470000 0.0724315000 0.0000999910 0.7345590000
44 44 (0) 11 : 0.064823700 0.0068593200 0.2022680000 0.0081313900 0.0386898000 0.6792280000
45 45 (0) 12 : 0.000099960 0.0000999600 0.0000999600 0.0000999600 0.0000999600 0.9995000000
46 46 (0) 12 : 0.000099960 0.0000999600 0.0000999600 0.0000999600 0.0000999600 0.9995000000
47 47 (0) 12 : 0.000099960 0.0000999600 0.0000999600 0.0000999600 0.0000999600 0.9995000000
48 48 (0) 12 : 0.000099960 0.0000999600 0.0000999600 0.0000999600 0.0000999600 0.9995000000
1 1 (0) 1 : 0.0246596000 0.0000999819 0.0000999819 0.0256647000 0.059967800 0.8895080000
2 2 (0) 1 : 0.0252971000 0.0000999820 0.0000999820 0.0338369000 0.048373600 0.8922920000
3 3 (0) 1 : 0.0000999600 0.0000999600 0.0000999600 0.0000999600 0.000099960 0.9995000000
4 4 (0) 1 : 0.0000999600 0.0000999600 0.0000999600 0.0000999600 0.000099960 0.9995000000
5 5 (0) 2 : 0.0270453000 0.0002841180 0.0000999910 0.3204940000 0.625152000 0.0269254000
6 6 (0) 2 : 0.0292601000 0.0000999820 0.0000999820 0.3811750000 0.571948000 0.0174172000
7 7 (0) 2 : 0.0164352000 0.0000999820 0.0000999820 0.3720030000 0.601293000 0.0100689000
8 8 (0) 2 : 0.0246117000 0.0063339700 0.0000999910 0.3357450000 0.617462000 0.0157466000
9 9 (0) 3 : 0.0000999600 0.0000999600 0.0000999600 0.9995000000 0.000099960 0.0000999600
10 10 (0) 3 : 0.0000999600 0.0000999600 0.0000999600 0.9995000000 0.000099960 0.0000999600
11 11 (0) 3 : 0.0000999600 0.0000999600 0.0000999600 0.9995000000 0.000099960 0.0000999600
12 12 (0) 3 : 0.0084309200 0.0109613000 0.0651870000 0.7947090000 0.063510500 0.0572008000
13 13 (0) 4 : 0.0000999639 0.0000999639 0.0000999639 0.0000999639 0.834305000 0.1652960000
14 14 (0) 4 : 0.0000999600 0.0000999600 0.0000999600 0.0000999600 0.999500000 0.0000999600
15 15 (0) 4 : 0.0000999639 0.0000999639 0.0000999639 0.0000999639 0.886641000 0.1129590000
16 16 (0) 4 : 0.0000999600 0.0000999600 0.0000999600 0.0000999600 0.999500000 0.0000999600
17 17 (0) 5 : 0.9926100000 0.0000999640 0.0069899800 0.0000999640 0.000099964 0.0000999640
18 18 (0) 5 : 0.9995000000 0.0000999600 0.0000999600 0.0000999600 0.000099960 0.0000999600
19 19 (0) 5 : 0.9995000000 0.0000999600 0.0000999600 0.0000999600 0.000099960 0.0000999600
20 20 (0) 5 : 0.9774900000 0.0063693600 0.0000999820 0.0000999820 0.004959180 0.0109815000
21 21 (0) 6 : 0.0159585000 0.0171979000 0.9505570000 0.0000999820 0.000099982 0.0160864000
22 22 (0) 6 : 0.0116717000 0.0000999640 0.9879280000 0.0000999640 0.000099964 0.0000999640
23 23 (0) 6 : 0.0000999600 0.0000999600 0.9995000000 0.0000999600 0.000099960 0.0000999600
24 24 (0) 6 : 0.0000999640 0.0000999640 0.9981970000 0.0000999640 0.000099964 0.0014035600
25 25 (0) 7 : 0.0734565000 0.0000999820 0.6108390000 0.2376680000 0.000099982 0.0778362000
26 26 (0) 7 : 0.0000999730 0.0000999730 0.7259640000 0.1537120000 0.000099973 0.1200230000
27 27 (0) 7 : 0.0030761800 0.0000999820 0.7360120000 0.1590850000 0.000099982 0.1016260000
28 28 (0) 7 : 0.0851816000 0.0032546500 0.5762790000 0.2484110000 0.000099991 0.0867739000
29 29 (0) 8 : 0.0000999730 0.1505220000 0.8296970000 0.0000999730 0.019481900 0.0000999730
30 30 (0) 8 : 0.0217313000 0.0499953000 0.8756300000 0.0000999820 0.052443800 0.0000999820
31 31 (0) 8 : 0.0000999640 0.0740037000 0.9255960000 0.0000999640 0.000099964 0.0000999640
32 32 (0) 8 : 0.0000999640 0.0468677000 0.9527320000 0.0000999640 0.000099964 0.0000999640
33 33 (0) 9 : 0.0047187300 0.0063713200 0.2953660000 0.0000999820 0.693344000 0.0000999820
34 34 (0) 9 : 0.0000999639 0.0000999639 0.2611740000 0.0000999639 0.738426000 0.0000999639
35 35 (0) 9 : 0.0000999639 0.0000999639 0.2752440000 0.0000999639 0.724356000 0.0000999639
36 36 (0) 9 : 0.0000999729 0.0096738500 0.2759960000 0.0000999729 0.714030000 0.0000999729
37 37 (0) 10 : 0.0239532000 0.7063790000 0.0380167000 0.0397403000 0.033251300 0.1586590000
38 38 (0) 10 : 0.0000999640 0.7527470000 0.0000999640 0.0000999640 0.000099964 0.2468530000
39 39 (0) 10 : 0.0035669400 0.7002840000 0.0380644000 0.0211627000 0.021021000 0.2159010000
40 40 (0) 10 : 0.0000999730 0.7533950000 0.0107601000 0.0000999730 0.000099973 0.2355450000
41 41 (0) 11 : 0.0000999730 0.9328880000 0.0644373000 0.0000999730 0.000099973 0.0023743000
42 42 (0) 11 : 0.0000999820 0.7300880000 0.2047800000 0.0000999820 0.000995344 0.0639359000
43 43 (0) 11 : 0.0000999820 0.7315270000 0.1902940000 0.0000999820 0.013112500 0.0648666000
44 44 (0) 11 : 0.0300074000 0.6868040000 0.1794170000 0.0450425000 0.058628900 0.0000999910
45 45 (0) 12 : 0.0000999600 0.9995000000 0.0000999600 0.0000999600 0.000099960 0.0000999600
46 46 (0) 12 : 0.0000999600 0.9995000000 0.0000999600 0.0000999600 0.000099960 0.0000999600
47 47 (0) 12 : 0.0000999600 0.9995000000 0.0000999600 0.0000999600 0.000099960 0.0000999600
48 48 (0) 12 : 0.0000999600 0.9995000000 0.0000999600 0.0000999600 0.000099960 0.0000999600
1 1 (0) 1 : 0.0000999820 0.8934930000 0.049395000 0.0000999820 0.0287179000 0.0281941000
2 2 (0) 1 : 0.0000999819 0.8919490000 0.054928200 0.0000999819 0.0347256000 0.0181976000
3 3 (0) 1 : 0.0000999600 0.9995000000 0.000099960 0.0000999600 0.0000999600 0.0000999600
4 4 (0) 1 : 0.0000999600 0.9995000000 0.000099960 0.0000999600 0.0000999600 0.0000999600
5 5 (0) 2 : 0.0000999900 0.0478540000 0.597928000 0.0018824000 0.3108510000 0.0413855000
6 6 (0) 2 : 0.0000999820 0.0203776000 0.564880000 0.0000999820 0.3827330000 0.0318096000
7 7 (0) 2 : 0.0000999820 0.0309418000 0.590404000 0.0000999820 0.3715420000 0.0069122200
8 8 (0) 2 : 0.0000999820 0.0270692000 0.607966000 0.0000999820 0.3236510000 0.0411137000
9 9 (0) 3 : 0.0000999600 0.0000999600 0.000099960 0.0000999600 0.9995000000 0.0000999600
10 10 (0) 3 : 0.0000999600 0.0000999600 0.000099960 0.0000999600 0.9995000000 0.0000999600
11 11 (0) 3 : 0.0000999600 0.0000999600 0.000099960 0.0000999600 0.9995000000 0.0000999600
12 12 (0) 3 : 0.0496165000 0.0670051000 0.036403300 0.0123627000 0.8058380000 0.0287742000
13 13 (0) 4 : 0.0000999639 0.1498810000 0.849719000 0.0000999639 0.0000999639 0.0000999639
14 14 (0) 4 : 0.0000999600 0.0000999600 0.999500000 0.0000999600 0.0000999600 0.0000999600
15 15 (0) 4 : 0.0000999640 0.1006640000 0.898936000 0.0000999640 0.0000999640 0.0000999640
16 16 (0) 4 : 0.0000999639 0.0030646900 0.996535000 0.0000999639 0.0000999639 0.0000999639
17 17 (0) 5 : 0.0000999600 0.0000999600 0.000099960 0.0000999600 0.0000999600 0.9995000000
18 18 (0) 5 : 0.0000999600 0.0000999600 0.000099960 0.0000999600 0.0000999600 0.9995000000
19 19 (0) 5 : 0.0000999600 0.0000999600 0.000099960 0.0000999600 0.0000999600 0.9995000000
20 20 (0) 5 : 0.0000999640 0.0000999640 0.017031600 0.0000999640 0.0000999640 0.9825690000
21 21 (0) 6 : 0.9772190000 0.0160579000 0.000099973 0.0000999730 0.0000999730 0.0064233100
22 22 (0) 6 : 0.9953730000 0.0000999640 0.000099964 0.0000999640 0.0000999640 0.0042275800
23 23 (0) 6 : 0.9995000000 0.0000999600 0.000099960 0.0000999600 0.0000999600 0.0000999600
24 24 (0) 6 : 0.9858010000 0.0137988000 0.000099964 0.0000999640 0.0000999640 0.0000999640
25 25 (0) 7 : 0.6256300000 0.0775429000 0.000099982 0.0000999820 0.2369410000 0.0596855000
26 26 (0) 7 : 0.7169760000 0.1488300000 0.000099973 0.0000999730 0.1338940000 0.0000999730
27 27 (0) 7 : 0.7265060000 0.1196380000 0.000099982 0.0000999820 0.1447890000 0.0088673900
28 28 (0) 7 : 0.6184090000 0.0777313000 0.000099982 0.0000999820 0.2290780000 0.0745822000
29 29 (0) 8 : 0.8360620000 0.0000999820 0.025587200 0.1281380000 0.0000999820 0.0100135000
30 30 (0) 8 : 0.8740510000 0.0000999820 0.073301200 0.0416830000 0.0000999820 0.0107643000
31 31 (0) 8 : 0.9402250000 0.0000999730 0.008323610 0.0511515000 0.0000999730 0.0000999730
32 32 (0) 8 : 0.9628560000 0.0000999640 0.000099964 0.0367440000 0.0000999640 0.0000999640
33 33 (0) 9 : 0.2943390000 0.0000999820 0.674334000 0.0121104000 0.0000999820 0.0190164000
34 34 (0) 9 : 0.2559550000 0.0000999639 0.743645000 0.0000999639 0.0000999639 0.0000999639
35 35 (0) 9 : 0.2733150000 0.0000999639 0.726285000 0.0000999639 0.0000999639 0.0000999639
36 36 (0) 9 : 0.2726720000 0.0000999730 0.722456000 0.0045718900 0.0000999730 0.0000999730
37 37 (0) 10 : 0.0586523000 0.1960010000 0.005228580 0.6966090000 0.0255230000 0.0179863000
38 38 (0) 10 : 0.0000999640 0.2386450000 0.000099964 0.7609550000 0.0000999640 0.0000999640
39 39 (0) 10 : 0.0524161000 0.2149720000 0.037150700 0.6952610000 0.0000999820 0.0000999820
40 40 (0) 10 : 0.0064125600 0.2198530000 0.000099991 0.7645100000 0.0053611200 0.0037638000
41 41 (0) 11 : 0.0550435000 0.0011898500 0.000099982 0.9399970000 0.0000999820 0.0035698700
42 42 (0) 11 : 0.2012090000 0.0667914000 0.000099982 0.7277080000 0.0000999820 0.0040918000
43 43 (0) 11 : 0.1659460000 0.0762736000 0.027472000 0.7218030000 0.0084049200 0.0000999910
44 44 (0) 11 : 0.1685680000 0.0003929520 0.043338600 0.7070520000 0.0421024000 0.0385462000
45 45 (0) 12 : 0.0000999600 0.0000999600 0.000099960 0.9995000000 0.0000999600 0.0000999600
46 46 (0) 12 : 0.0000999600 0.0000999600 0.000099960 0.9995000000 0.0000999600 0.0000999600
47 47 (0) 12 : 0.0000999600 0.0000999600 0.000099960 0.9995000000 0.0000999600 0.0000999600
48 48 (0) 12 : 0.0000999600 0.0000999600 0.000099960 0.9995000000 0.0000999600 0.0000999600
1 1 (0) 1 : 0.0239788000 0.0173126000 0.0000999800 0.037859400 0.9206490000 0.0000999800
2 2 (0) 1 : 0.0187644000 0.0082310000 0.0000999820 0.047014900 0.9257900000 0.0000999820
3 3 (0) 1 : 0.0000999600 0.0000999600 0.0000999600 0.000099960 0.9995000000 0.0000999600
4 4 (0) 1 : 0.0000999600 0.0000999600 0.0000999600 0.000099960 0.9995000000 0.0000999600
5 5 (0) 2 : 0.3456910000 0.0349000000 0.0000999910 0.573513000 0.0224328000 0.0233631000
6 6 (0) 2 : 0.4033550000 0.0309249000 0.0000999820 0.536616000 0.0289045000 0.0000999820
7 7 (0) 2 : 0.3827130000 0.0157560000 0.0000999820 0.574850000 0.0264808000 0.0000999820
8 8 (0) 2 : 0.3458670000 0.0433918000 0.0000999800 0.594392000 0.0000999800 0.0161490000
9 9 (0) 3 : 0.9995000000 0.0000999600 0.0000999600 0.000099960 0.0000999600 0.0000999600
10 10 (0) 3 : 0.9995000000 0.0000999600 0.0000999600 0.000099960 0.0000999600 0.0000999600
11 11 (0) 3 : 0.9995000000 0.0000999600 0.0000999600 0.000099960 0.0000999600 0.0000999600
12 12 (0) 3 : 0.7945200000 0.0151924000 0.0597926000 0.060106000 0.0611888000 0.0091999400
13 13 (0) 4 : 0.0054873900 0.0000999729 0.0000999729 0.829099000 0.1651130000 0.0000999729
14 14 (0) 4 : 0.0000999600 0.0000999600 0.0000999600 0.999500000 0.0000999600 0.0000999600
15 15 (0) 4 : 0.0000999640 0.0000999640 0.0000999640 0.899584000 0.1000160000 0.0000999640
16 16 (0) 4 : 0.0000999600 0.0000999600 0.0000999600 0.999500000 0.0000999600 0.0000999600
17 17 (0) 5 : 0.0000999600 0.9995000000 0.0000999600 0.000099960 0.0000999600 0.0000999600
18 18 (0) 5 : 0.0000999600 0.9995000000 0.0000999600 0.000099960 0.0000999600 0.0000999600
19 19 (0) 5 : 0.0000999600 0.9995000000 0.0000999600 0.000099960 0.0000999600 0.0000999600
20 20 (0) 5 : 0.0033774600 0.9874160000 0.0000999910 0.001276580 0.0009864740 0.0068439600
21 21 (0) 6 : 0.0000999820 0.0146016000 0.9669290000 0.000099982 0.0110903000 0.0071787800
22 22 (0) 6 : 0.0000999600 0.0000999600 0.9995000000 0.000099960 0.0000999600 0.0000999600
23 23 (0) 6 : 0.0000999600 0.0000999600 0.9995000000 0.000099960 0.0000999600 0.0000999600
24 24 (0) 6 : 0.0000999640 0.0000999640 0.9994500000 0.000099964 0.0001500300 0.0000999640
25 25 (0) 7 : 0.2338590000 0.0538603000 0.6313220000 0.000099982 0.0807594000 0.0000999820
26 26 (0) 7 : 0.1415120000 0.0000999730 0.7240710000 0.000099973 0.1341180000 0.0000999730
27 27 (0) 7 : 0.1749880000 0.0071661100 0.7172750000 0.000099982 0.1003710000 0.0000999820
28 28 (0) 7 : 0.2329150000 0.0766648000 0.5930920000 0.000099991 0.0904504000 0.0067779500
29 29 (0) 8 : 0.0000999820 0.0081194100 0.8375190000 0.020589300 0.0000999820 0.1335730000
30 30 (0) 8 : 0.0000999820 0.0059389800 0.8730490000 0.072715900 0.0000999820 0.0480961000
31 31 (0) 8 : 0.0000999730 0.0000999730 0.9421380000 0.002142620 0.0000999730 0.0554197000
32 32 (0) 8 : 0.0000999640 0.0000999640 0.9661510000 0.000099964 0.0000999640 0.0334490000
33 33 (0) 9 : 0.0000999800 0.0100123000 0.2848420000 0.681658000 0.0000999800 0.0232876000
34 34 (0) 9 : 0.0000999729 0.0000999729 0.2573530000 0.736101000 0.0000999729 0.0062451300
35 35 (0) 9 : 0.0000999639 0.0000999639 0.2510880000 0.748512000 0.0000999639 0.0000999639
36 36 (0) 9 : 0.0000999639 0.0000999639 0.2763200000 0.723280000 0.0000999639 0.0000999639
37 37 (0) 10 : 0.0464525000 0.0116036000 0.0443019000 0.014068800 0.1660850000 0.7174880000
38 38 (0) 10 : 0.0000999640 0.0000999640 0.0000999640 0.000099964 0.2326110000 0.7669900000
39 39 (0) 10 : 0.0020564300 0.0158248000 0.0829841000 0.014175000 0.2231100000 0.6618490000
40 40 (0) 10 : 0.0000999640 0.0000999640 0.0000999640 0.000099964 0.2214830000 0.7781170000
41 41 (0) 11 : 0.0000999820 0.0038134400 0.0630717000 0.000099982 0.0045706300 0.9283440000
42 42 (0) 11 : 0.0000999820 0.0000999820 0.2036720000 0.006785820 0.0557958000 0.7335470000
43 43 (0) 11 : 0.0000999820 0.0000999820 0.1718710000 0.003604270 0.0831150000 0.7412090000
44 44 (0) 11 : 0.0452123000 0.0481469000 0.1623960000 0.042505400 0.0000999910 0.7016400000
45 45 (0) 12 : 0.0000999600 0.0000999600 0.0000999600 0.000099960 0.0000999600 0.9995000000
46 46 (0) 12 : 0.0000999600 0.0000999600 0.0000999600 0.000099960 0.0000999600 0.9995000000
47 47 (0) 12 : 0.0000999600 0.0000999600 0.0000999600 0.000099960 0.0000999600 0.9995000000
48 48 (0) 12 : 0.0000999600 0.0000999600 0.0000999600 0.000099960 0.0000999600 0.9995000000
1 1 (0) 1 : 0.0000999819 0.0382372000 0.0513105000 0.0123587000 0.0000999819 0.8978940000
2 2 (0) 1 : 0.0000999819 0.0450595000 0.0478518000 0.0243181000 0.0000999819 0.8825710000
3 3 (0) 1 : 0.0000999600 0.0000999600 0.0000999600 0.0000999600 0.0000999600 0.9995000000
4 4 (0) 1 : 0.0000999600 0.0000999600 0.0000999600 0.0000999600 0.0000999600 0.9995000000
5 5 (0) 2 : 0.0000999900 0.2801900000 0.6517500000 0.0331557000 0.0147953000 0.0200087000
6 6 (0) 2 : 0.0000999820 0.3527320000 0.5861940000 0.0311974000 0.0000999820 0.0296768000
7 7 (0) 2 : 0.0000999820 0.3281940000 0.6420700000 0.0137120000 0.0000999820 0.0158238000
8 8 (0) 2 : 0.0000999820 0.2768190000 0.6814980000 0.0384795000 0.0030037900 0.0000999820
9 9 (0) 3 : 0.0000999600 0.9995000000 0.0000999600 0.0000999600 0.0000999600 0.0000999600
10 10 (0) 3 : 0.0000999600 0.9995000000 0.0000999600 0.0000999600 0.0000999600 0.0000999600
11 11 (0) 3 : 0.0000999600 0.9995000000 0.0000999600 0.0000999600 0.0000999600 0.0000999600
12 12 (0) 3 : 0.0375907000 0.8056900000 0.0381831000 0.0321974000 0.0227276000 0.0636115000
13 13 (0) 4 : 0.0000999639 0.0000999639 0.8509550000 0.0000999639 0.0000999639 0.1486460000
14 14 (0) 4 : 0.0000999600 0.0000999600 0.9995000000 0.0000999600 0.0000999600 0.0000999600
15 15 (0) 4 : 0.0000999640 0.0000999640 0.8987680000 0.0000999640 0.0000999640 0.1008320000
16 16 (0) 4 : 0.0000999600 0.0000999600 0.9995000000 0.0000999600 0.0000999600 0.0000999600
17 17 (0) 5 : 0.0004687460 0.0000999640 0.0000999640 0.9991310000 0.0000999640 0.0000999640
18 18 (0) 5 : 0.0000999600 0.0000999600 0.0000999600 0.9995000000 0.0000999600 0.0000999600
19 19 (0) 5 : 0.0000999640 0.0000999640 0.0000999640 0.9989730000 0.0000999640 0.0006275720
20 20 (0) 5 : 0.0000999730 0.0000999730 0.0080118100 0.9797570000 0.0119313000 0.0000999730
21 21 (0) 6 : 0.9873250000 0.0000999729 0.0000999729 0.0099257900 0.0000999729 0.0024493200
22 22 (0) 6 : 0.9833780000 0.0000999730 0.0000999730 0.0130466000 0.0000999730 0.0032752500
23 23 (0) 6 : 0.9995000000 0.0000999600 0.0000999600 0.0000999600 0.0000999600 0.0000999600
24 24 (0) 6 : 0.9995000000 0.0000999600 0.0000999600 0.0000999600 0.0000999600 0.0000999600
25 25 (0) 7 : 0.6152200000 0.2325660000 0.0000999820 0.0584449000 0.0000999820 0.0935699000
26 26 (0) 7 : 0.7089690000 0.1451930000 0.0000999730 0.0000999730 0.0000999730 0.1455370000
27 27 (0) 7 : 0.7033550000 0.1810910000 0.0000999820 0.0183316000 0.0000999820 0.0970226000
28 28 (0) 7 : 0.5966500000 0.2212420000 0.0000999910 0.0775473000 0.0077290200 0.0967311000
29 29 (0) 8 : 0.8240320000 0.0000999730 0.0415969000 0.0000999730 0.1340720000 0.0000999730
30 30 (0) 8 : 0.8777640000 0.0000999820 0.0792593000 0.0032468400 0.0395300000 0.0000999820
31 31 (0) 8 : 0.9469320000 0.0000999640 0.0000999640 0.0000999640 0.0526680000 0.0000999640
32 32 (0) 8 : 0.9557400000 0.0000999640 0.0000999640 0.0000999640 0.0438604000 0.0000999640
33 33 (0) 9 : 0.3090220000 0.0000999820 0.6633500000 0.0077462800 0.0196824000 0.0000999820
34 34 (0) 9 : 0.3021750000 0.0000999639 0.6974250000 0.0000999639 0.0000999639 0.0000999639
35 35 (0) 9 : 0.2948090000 0.0000999729 0.7016590000 0.0032313700 0.0000999729 0.0000999729
36 36 (0) 9 : 0.2854800000 0.0000999639 0.7141210000 0.0000999639 0.0000999639 0.0000999639
37 37 (0) 10 : 0.0671957000 0.0407525000 0.0223734000 0.0140420000 0.6842020000 0.1714350000
38 38 (0) 10 : 0.0000999640 0.0000999640 0.0000999640 0.0000999640 0.7535720000 0.2460280000
39 39 (0) 10 : 0.0510592000 0.0050491300 0.0026006300 0.0000999910 0.6871040000 0.2540870000
40 40 (0) 10 : 0.0000999820 0.0047626500 0.0000999820 0.0025718500 0.7349340000 0.2575320000
41 41 (0) 11 : 0.0553497000 0.0000999730 0.0000999730 0.0000999730 0.9338960000 0.0104546000
42 42 (0) 11 : 0.1939580000 0.0000999730 0.0000999730 0.0000999730 0.7244620000 0.0812799000
43 43 (0) 11 : 0.1673630000 0.0019938200 0.0000999820 0.0000999820 0.7420830000 0.0883600000
44 44 (0) 11 : 0.1707370000 0.0351607000 0.0369934000 0.0445202000 0.7014570000 0.0111314000
45 45 (0) 12 : 0.0000999600 0.0000999600 0.0000999600 0.0000999600 0.9995000000 0.0000999600
46 46 (0) 12 : 0.0000999600 0.0000999600 0.0000999600 0.0000999600 0.9995000000 0.0000999600
47 47 (0) 12 : 0.0000999600 0.0000999600 0.0000999600 0.0000999600 0.9995000000 0.0000999600
48 48 (0) 12 : 0.0000999600 0.0000999600 0.0000999600 0.0000999600 0.9995000000 0.0000999600
1 1 (0) 1 : 0.0000999820 0.0000999820 0.0155375000 0.0341981000 0.027483100 0.9225810000
2 2 (0) 1 : 0.0000999819 0.0000999819 0.0196365000 0.0232535000 0.050899800 0.9060100000
3 3 (0) 1 : 0.0000999600 0.0000999600 0.0000999600 0.0000999600 0.000099960 0.9995000000
4 4 (0) 1 : 0.0000999600 0.0000999600 0.0000999600 0.0000999600 0.000099960 0.9995000000
5 5 (0) 2 : 0.0000999900 0.0135851000 0.0323761000 0.3130620000 0.616752000 0.0241244000
6 6 (0) 2 : 0.0000999820 0.0000999820 0.0372344000 0.3518990000 0.566784000 0.0438826000
7 7 (0) 2 : 0.0000999820 0.0000999820 0.0166614000 0.3499640000 0.593404000 0.0397703000
8 8 (0) 2 : 0.0000999910 0.0033652500 0.0333795000 0.3361460000 0.611367000 0.0156423000
9 9 (0) 3 : 0.0000999600 0.0000999600 0.0000999600 0.9995000000 0.000099960 0.0000999600
10 10 (0) 3 : 0.0000999600 0.0000999600 0.0000999600 0.9995000000 0.000099960 0.0000999600
11 11 (0) 3 : 0.0000999600 0.0000999600 0.0000999600 0.9995000000 0.000099960 0.0000999600
12 12 (0) 3 : 0.0379841000 0.0326048000 0.0126717000 0.7866710000 0.057107700 0.0729611000
13 13 (0) 4 : 0.0000999729 0.0000999729 0.0000999729 0.0040550700 0.824749000 0.1708960000
14 14 (0) 4 : 0.0000999600 0.0000999600 0.0000999600 0.0000999600 0.999500000 0.0000999600
15 15 (0) 4 : 0.0000999640 0.0000999640 0.0000999640 0.0000999640 0.881031000 0.1185690000
16 16 (0) 4 : 0.0000999600 0.0000999600 0.0000999600 0.0000999600 0.999500000 0.0000999600
17 17 (0) 5 : 0.0000999600 0.0000999600 0.9995000000 0.0000999600 0.000099960 0.0000999600
18 18 (0) 5 : 0.0000999640 0.0000999640 0.9966780000 0.0000999640 0.000099964 0.0029221200
19 19 (0) 5 : 0.0000999600 0.0000999600 0.9995000000 0.0000999600 0.000099960 0.0000999600
20 20 (0) 5 : 0.0117363000 0.0038261200 0.9841380000 0.0000999730 0.000099973 0.0000999730
21 21 (0) 6 : 0.9702520000 0.0000999730 0.0058051500 0.0000999730 0.000099973 0.0236434000
22 22 (0) 6 : 0.9893220000 0.0000999640 0.0102780000 0.0000999640 0.000099964 0.0000999640
23 23 (0) 6 : 0.9995000000 0.0000999600 0.0000999600 0.0000999600 0.000099960 0.0000999600
24 24 (0) 6 : 0.9951680000 0.0000999640 0.0000999640 0.0000999640 0.000099964 0.0044318100
25 25 (0) 7 : 0.6451550000 0.0000999820 0.0581285000 0.2310740000 0.000099982 0.0654429000
26 26 (0) 7 : 0.7341030000 0.0000999730 0.0000999730 0.1307720000 0.000099973 0.1348250000
27 27 (0) 7 : 0.7208270000 0.0000999820 0.0069828300 0.1588130000 0.000099982 0.1131780000
28 28 (0) 7 : 0.6115700000 0.0030209100 0.0683715000 0.2300560000 0.000099991 0.0868814000
29 29 (0) 8 : 0.8248280000 0.1364900000 0.0025097000 0.0000999820 0.035972400 0.0000999820
30 30 (0) 8 : 0.8698020000 0.0502103000 0.0104389000 0.0000999820 0.069349000 0.0000999820
31 31 (0) 8 : 0.9380810000 0.0615065000 0.0000999730 0.0000999730 0.000112521 0.0000999730
32 32 (0) 8 : 0.9692380000 0.0303623000 0.0000999640 0.0000999640 0.000099964 0.0000999640
33 33 (0) 9 : 0.2795730000 0.0222908000 0.0000999730 0.0000999730 0.697836000 0.0000999730
34 34 (0) 9 : 0.2706410000 0.0000999639 0.0000999639 0.0000999639 0.728959000 0.0000999639
35 35 (0) 9 : 0.2529250000 0.0000999729 0.0037140200 0.0000999729 0.743061000 0.0000999729
36 36 (0) 9 : 0.2799200000 0.0021206900 0.0000999730 0.0000999730 0.717660000 0.0000999730
37 37 (0) 10 : 0.0451689000 0.7153230000 0.0109786000 0.0315959000 0.035516900 0.1614170000
38 38 (0) 10 : 0.0000999640 0.7524240000 0.0000999640 0.0000999640 0.000099964 0.2471760000
39 39 (0) 10 : 0.0571906000 0.6987150000 0.0067598800 0.0000999910 0.015774600 0.2214600000
40 40 (0) 10 : 0.0000999640 0.7671920000 0.0000999640 0.0000999640 0.000099964 0.2324080000
41 41 (0) 11 : 0.0515985000 0.9389040000 0.0000999730 0.0000999730 0.000099973 0.0091973700
42 42 (0) 11 : 0.1969450000 0.7293040000 0.0000999820 0.0000999820 0.000671921 0.0728793000
43 43 (0) 11 : 0.1695890000 0.7369060000 0.0000999910 0.0010248800 0.009091280 0.0832882000
44 44 (0) 11 : 0.1863040000 0.6911340000 0.0325062000 0.0352686000 0.054687300 0.0000999910
45 45 (0) 12 : 0.0000999639 0.9963260000 0.0000999639 0.0000999639 0.003274290 0.0000999639
46 46 (0) 12 : 0.0000999600 0.9995000000 0.0000999600 0.0000999600 0.000099960 0.0000999600
47 47 (0) 12 : 0.0000999600 0.9995000000 0.0000999600 0.0000999600 0.000099960 0.0000999600
48 48 (0) 12 : 0.0000999600 0.9995000000 0.0000999600 0.0000999600 0.000099960 0.0000999600
1 1 (0) 1 : 0.0000999819 0.054323000 0.0293337000 0.0000999819 0.8835640000 0.0325797000
2 2 (0) 1 : 0.0000999819 0.051220700 0.0220473000 0.0000999819 0.9020810000 0.0244507000
3 3 (0) 1 : 0.0000999600 0.000099960 0.0000999600 0.0000999600 0.9995000000 0.0000999600
4 4 (0) 1 : 0.0000999600 0.000099960 0.0000999600 0.0000999600 0.9995000000 0.0000999600
5 5 (0) 2 : 0.0000999900 0.595338000 0.0307522000 0.0082662300 0.0534390000 0.3121050000
6 6 (0) 2 : 0.0000999820 0.551472000 0.0388141000 0.0000999820 0.0429309000 0.3665830000
7 7 (0) 2 : 0.0000999820 0.583899000 0.0053150600 0.0000999820 0.0567211000 0.3538650000
8 8 (0) 2 : 0.0000999820 0.609006000 0.0403775000 0.0000999820 0.0372182000 0.3131980000
9 9 (0) 3 : 0.0000999600 0.000099960 0.0000999600 0.0000999600 0.0000999600 0.9995000000
10 10 (0) 3 : 0.0000999600 0.000099960 0.0000999600 0.0000999600 0.0000999600 0.9995000000
11 11 (0) 3 : 0.0000999600 0.000099960 0.0000999600 0.0000999600 0.0000999600 0.9995000000
12 12 (0) 3 : 0.0510665000 0.066250300 0.0309868000 0.0302678000 0.0245242000 0.7969040000
13 13 (0) 4 : 0.0000999730 0.837710000 0.0000999730 0.0000999730 0.1544620000 0.0075278100
14 14 (0) 4 : 0.0000999600 0.999500000 0.0000999600 0.0000999600 0.0000999600 0.0000999600
15 15 (0) 4 : 0.0000999639 0.900512000 0.0000999639 0.0000999639 0.0990886000 0.0000999639
16 16 (0) 4 : 0.0000999600 0.999500000 0.0000999600 0.0000999600 0.0000999600 0.0000999600
17 17 (0) 5 : 0.0012784500 0.000099964 0.9983220000 0.0000999640 0.0000999640 0.0000999640
18 18 (0) 5 : 0.0000999600 0.000099960 0.9995000000 0.0000999600 0.0000999600 0.0000999600
19 19 (0) 5 : 0.0000999600 0.000099960 0.9995000000 0.0000999600 0.0000999600 0.0000999600
20 20 (0) 5 : 0.0000999820 0.000099982 0.9831140000 0.0090373800 0.0056231300 0.0020260200
21 21 (0) 6 : 0.9516050000 0.000099982 0.0201450000 0.0023183800 0.0257320000 0.0000999820
22 22 (0) 6 : 0.9761000000 0.000099973 0.0162314000 0.0073685400 0.0000999730 0.0000999730
23 23 (0) 6 : 0.9995000000 0.000099960 0.0000999600 0.0000999600 0.0000999600 0.0000999600
24 24 (0) 6 : 0.9995000000 0.000099960 0.0000999600 0.0000999600 0.0000999600 0.0000999600
25 25 (0) 7 : 0.6391650000 0.000099982 0.0456785000 0.0000999820 0.0763240000 0.2386330000
26 26 (0) 7 : 0.6775050000 0.000099973 0.0000999730 0.0000999730 0.1938460000 0.1283500000
27 27 (0) 7 : 0.7062820000 0.000099982 0.0183776000 0.0000999820 0.1304270000 0.1447140000
28 28 (0) 7 : 0.6251870000 0.000099982 0.0637775000 0.0000999820 0.0844473000 0.2263890000
29 29 (0) 8 : 0.8475360000 0.010646600 0.0046161300 0.1370010000 0.0000999820 0.0000999820
30 30 (0) 8 : 0.8576540000 0.067841200 0.0252988000 0.0490058000 0.0000999820 0.0000999820
31 31 (0) 8 : 0.9447300000 0.000099964 0.0000999640 0.0548706000 0.0000999640 0.0000999640
32 32 (0) 8 : 0.9633520000 0.000099964 0.0000999640 0.0362481000 0.0000999640 0.0000999640
33 33 (0) 9 : 0.3072880000 0.678750000 0.0135415000 0.0002205020 0.0000999820 0.0000999820
34 34 (0) 9 : 0.2765610000 0.723040000 0.0000999639 0.0000999639 0.0000999639 0.0000999639
35 35 (0) 9 : 0.2739310000 0.725669000 0.0000999639 0.0000999639 0.0000999639 0.0000999639
36 36 (0) 9 : 0.2799150000 0.712241000 0.0075437900 0.0000999730 0.0000999730 0.0000999730
37 37 (0) 10 : 0.0443876000 0.007081870 0.0273483000 0.6763270000 0.2045330000 0.0403224000
38 38 (0) 10 : 0.0000999640 0.000099964 0.0000999640 0.7535970000 0.2460030000 0.0000999640
39 39 (0) 10 : 0.0724816000 0.019460600 0.0000999910 0.6710750000 0.2222130000 0.0146705000
40 40 (0) 10 : 0.0133694000 0.000099982 0.0092218300 0.7332780000 0.2439300000 0.0000999820
41 41 (0) 11 : 0.0529886000 0.000099973 0.0000999730 0.9443470000 0.0023646600 0.0000999730
42 42 (0) 11 : 0.1772550000 0.011200100 0.0092471100 0.7241570000 0.0780411000 0.0000999910
43 43 (0) 11 : 0.1387210000 0.024774000 0.0000999910 0.7355800000 0.0894000000 0.0114258000
44 44 (0) 11 : 0.1806560000 0.058592800 0.0410454000 0.6882000000 0.0144225000 0.0170826000
45 45 (0) 12 : 0.0000999639 0.007132210 0.0000999639 0.9924680000 0.0000999639 0.0000999639
46 46 (0) 12 : 0.0000999600 0.000099960 0.0000999600 0.9995000000 0.0000999600 0.0000999600
47 47 (0) 12 : 0.0000999600 0.000099960 0.0000999600 0.9995000000 0.0000999600 0.0000999600
48 48 (0) 12 : 0.0000999600 0.000099960 0.0000999600 0.9995000000 0.0000999600 0.0000999600
1 1 (0) 1 : 0.042742200 0.0000999729 0.9090210000 0.0000999729 0.0000999729 0.0479370000
2 2 (0) 1 : 0.044686700 0.0171018000 0.9062600000 0.0000999819 0.0000999819 0.0317512000
3 3 (0) 1 : 0.000099960 0.0000999600 0.9995000000 0.0000999600 0.0000999600 0.0000999600
4 4 (0) 1 : 0.000099960 0.0000999600 0.9995000000 0.0000999600 0.0000999600 0.0000999600
5 5 (0) 2 : 0.585916000 0.0328739000 0.0508960000 0.0000999910 0.0001965630 0.3300180000
6 6 (0) 2 : 0.547251000 0.0308089000 0.0596573000 0.0000999820 0.0000999820 0.3620820000
7 7 (0) 2 : 0.575110000 0.0112388000 0.0554620000 0.0000999820 0.0000999820 0.3579890000
8 8 (0) 2 : 0.608822000 0.0218859000 0.0444142000 0.0000999820 0.0000999820 0.3246780000
9 9 (0) 3 : 0.000099960 0.0000999600 0.0000999600 0.0000999600 0.0000999600 0.9995000000
10 10 (0) 3 : 0.000099960 0.0000999600 0.0000999600 0.0000999600 0.0000999600 0.9995000000
11 11 (0) 3 : 0.000099960 0.0000999600 0.0000999600 0.0000999600 0.0000999600 0.9995000000
12 12 (0) 3 : 0.051023100 0.0276138000 0.0570557000 0.0234568000 0.0400620000 0.8007890000
13 13 (0) 4 : 0.840546000 0.0000999639 0.1590540000 0.0000999639 0.0000999639 0.0000999639
14 14 (0) 4 : 0.999500000 0.0000999600 0.0000999600 0.0000999600 0.0000999600 0.0000999600
15 15 (0) 4 : 0.901967000 0.0000999640 0.0976331000 0.0000999640 0.0000999640 0.0000999640
16 16 (0) 4 : 0.999500000 0.0000999600 0.0000999600 0.0000999600 0.0000999600 0.0000999600
17 17 (0) 5 : 0.000099960 0.9995000000 0.0000999600 0.0000999600 0.0000999600 0.0000999600
18 18 (0) 5 : 0.000099960 0.9995000000 0.0000999600 0.0000999600 0.0000999600 0.0000999600
19 19 (0) 5 : 0.000099960 0.9995000000 0.0000999600 0.0000999600 0.0000999600 0.0000999600
20 20 (0) 5 : 0.000099973 0.9863110000 0.0057456000 0.0000999730 0.0076436500 0.0000999730
21 21 (0) 6 : 0.000099982 0.0132192000 0.0105200000 0.9753530000 0.0007080090 0.0000999820
22 22 (0) 6 : 0.000099964 0.0126380000 0.0000999640 0.9869620000 0.0000999640 0.0000999640
23 23 (0) 6 : 0.000099960 0.0000999600 0.0000999600 0.9995000000 0.0000999600 0.0000999600
24 24 (0) 6 : 0.000099964 0.0000999640 0.0005642890 0.9990360000 0.0000999640 0.0000999640
25 25 (0) 7 : 0.000099982 0.0547480000 0.0939475000 0.6314450000 0.0000999820 0.2196600000
26 26 (0) 7 : 0.000099973 0.0000999730 0.1488840000 0.7134940000 0.0000999730 0.1373220000
27 27 (0) 7 : 0.000099982 0.0093421300 0.1286440000 0.7043080000 0.0000999820 0.1575050000
28 28 (0) 7 : 0.000099982 0.0902760000 0.0911997000 0.5978360000 0.0000999820 0.2204890000
29 29 (0) 8 : 0.016406800 0.0000999730 0.0000999730 0.8521630000 0.1311300000 0.0000999730
30 30 (0) 8 : 0.065892100 0.0026804000 0.0000999820 0.8895150000 0.0417124000 0.0000999820
31 31 (0) 8 : 0.000099964 0.0000999640 0.0000999640 0.9542140000 0.0453864000 0.0000999640
32 32 (0) 8 : 0.000099964 0.0000999640 0.0000999640 0.9570050000 0.0425947000 0.0000999640
33 33 (0) 9 : 0.683428000 0.0000999729 0.0000999729 0.3060200000 0.0102523000 0.0000999729
34 34 (0) 9 : 0.713997000 0.0000999639 0.0000999639 0.2856040000 0.0000999639 0.0000999639
35 35 (0) 9 : 0.714333000 0.0000999639 0.0000999639 0.2852670000 0.0000999639 0.0000999639
36 36 (0) 9 : 0.710844000 0.0000999639 0.0000999639 0.2887570000 0.0000999639 0.0000999639
37 37 (0) 10 : 0.020159000 0.0266035000 0.1783320000 0.0315616000 0.7164890000 0.0268550000
38 38 (0) 10 : 0.000099973 0.0041250900 0.2355800000 0.0000999730 0.7599950000 0.0000999730
39 39 (0) 10 : 0.015879900 0.0000999910 0.2372080000 0.0439677000 0.6989480000 0.0038960700
40 40 (0) 10 : 0.000099973 0.0000999730 0.2275310000 0.0049889100 0.7671800000 0.0000999730
41 41 (0) 11 : 0.000099973 0.0000999730 0.0031274900 0.0431341000 0.9534380000 0.0000999730
42 42 (0) 11 : 0.000099973 0.0000999730 0.0522795000 0.2035150000 0.7439050000 0.0000999730
43 43 (0) 11 : 0.006572660 0.0000999820 0.0864458000 0.1759430000 0.7308390000 0.0000999820
44 44 (0) 11 : 0.048515300 0.0506084000 0.0000999910 0.1705930000 0.7006650000 0.0295183000
45 45 (0) 12 : 0.000099960 0.0000999600 0.0000999600 0.0000999600 0.9995000000 0.0000999600
46 46 (0) 12 : 0.000099960 0.0000999600 0.0000999600 0.0000999600 0.9995000000 0.0000999600
47 47 (0) 12 : 0.000099960 0.0000999600 0.0000999600 0.0000999600 0.9995000000 0.0000999600
48 48 (0) 12 : 0.000099960 0.0000999600 0.0000999600 0.0000999600 0.9995000000 0.0000999600
1 1 (0) 1 : 0.0288844000 0.8975300000 0.0000999820 0.0226457000 0.0507395000 0.0000999820
2 2 (0) 1 : 0.0462826000 0.8913920000 0.0000999820 0.0421853000 0.0199398000 0.0000999820
3 3 (0) 1 : 0.0000999600 0.9995000000 0.0000999600 0.0000999600 0.0000999600 0.0000999600
4 4 (0) 1 : 0.0000999600 0.9995000000 0.0000999600 0.0000999600 0.0000999600 0.0000999600
5 5 (0) 2 : 0.5807200000 0.0632913000 0.0079477600 0.0292343000 0.3187070000 0.0000999910
6 6 (0) 2 : 0.5479080000 0.0301012000 0.0000999820 0.0262407000 0.3955510000 0.0000999820
7 7 (0) 2 : 0.5703830000 0.0554399000 0.0000999820 0.0151451000 0.3588320000 0.0000999820
8 8 (0) 2 : 0.5972230000 0.0483404000 0.0053316000 0.0221816000 0.3268230000 0.0000999910
9 9 (0) 3 : 0.0000999600 0.0000999600 0.0000999600 0.0000999600 0.9995000000 0.0000999600
10 10 (0) 3 : 0.0000999600 0.0000999600 0.0000999600 0.0000999600 0.9995000000 0.0000999600
11 11 (0) 3 : 0.0000999600 0.0000999600 0.0000999600 0.0000999600 0.9995000000 0.0000999600
12 12 (0) 3 : 0.0602407000 0.0605363000 0.0205241000 0.0099154900 0.8138000000 0.0349833000
13 13 (0) 4 : 0.8676690000 0.1319310000 0.0000999640 0.0000999640 0.0000999640 0.0000999640
14 14 (0) 4 : 0.9995000000 0.0000999600 0.0000999600 0.0000999600 0.0000999600 0.0000999600
15 15 (0) 4 : 0.8859150000 0.1136850000 0.0000999639 0.0000999639 0.0000999639 0.0000999639
16 16 (0) 4 : 0.9995000000 0.0000999600 0.0000999600 0.0000999600 0.0000999600 0.0000999600
17 17 (0) 5 : 0.0000999600 0.0000999600 0.0000999600 0.9995000000 0.0000999600 0.0000999600
18 18 (0) 5 : 0.0000999600 0.0000999600 0.0000999600 0.9995000000 0.0000999600 0.0000999600
19 19 (0) 5 : 0.0000999600 0.0000999600 0.0000999600 0.9995000000 0.0000999600 0.0000999600
20 20 (0) 5 : 0.0055175500 0.0000999730 0.0000999730 0.9823390000 0.0118438000 0.0000999730
21 21 (0) 6 : 0.0000999820 0.0218610000 0.0013672500 0.0275401000 0.0000999820 0.9490320000
22 22 (0) 6 : 0.0000999730 0.0046007600 0.0000999730 0.0153360000 0.0000999730 0.9797630000
23 23 (0) 6 : 0.0000999600 0.0000999600 0.0000999600 0.0000999600 0.0000999600 0.9995000000
24 24 (0) 6 : 0.0000999600 0.0000999600 0.0000999600 0.0000999600 0.0000999600 0.9995000000
25 25 (0) 7 : 0.0000999820 0.0785752000 0.0000999820 0.0565987000 0.2387570000 0.6258690000
26 26 (0) 7 : 0.0000999730 0.1513750000 0.0000999730 0.0000999730 0.1228520000 0.7254740000
27 27 (0) 7 : 0.0000999820 0.1095200000 0.0000999820 0.0128269000 0.1637150000 0.7137380000
28 28 (0) 7 : 0.0000999819 0.1055640000 0.0000999819 0.0754829000 0.2256520000 0.5931020000
29 29 (0) 8 : 0.0193003000 0.0000999820 0.1524480000 0.0032804800 0.0000999820 0.8247710000
30 30 (0) 8 : 0.0603653000 0.0000999820 0.0313552000 0.0057411200 0.0000999820 0.9023380000
31 31 (0) 8 : 0.0198582000 0.0000999730 0.0390781000 0.0000999730 0.0000999730 0.9407640000
32 32 (0) 8 : 0.0000999640 0.0000999640 0.0267366000 0.0000999640 0.0000999640 0.9728640000
33 33 (0) 9 : 0.6862850000 0.0000999820 0.0328569000 0.0009317570 0.0000999820 0.2797260000
34 34 (0) 9 : 0.7288640000 0.0000999639 0.0000999639 0.0000999639 0.0000999639 0.2707360000
35 35 (0) 9 : 0.7166060000 0.0000999639 0.0000999639 0.0000999639 0.0000999639 0.2829940000
36 36 (0) 9 : 0.6945020000 0.0000999729 0.0051811800 0.0000999729 0.0000999729 0.3000170000
37 37 (0) 10 : 0.0273014000 0.1492070000 0.7084380000 0.0212727000 0.0438891000 0.0498922000
38 38 (0) 10 : 0.0000999640 0.2215650000 0.7780350000 0.0000999640 0.0000999640 0.0000999640
39 39 (0) 10 : 0.0377697000 0.1911280000 0.6994500000 0.0000999910 0.0011353300 0.0704169000
40 40 (0) 10 : 0.0000999820 0.1990250000 0.7835140000 0.0024565000 0.0148049000 0.0000999820
41 41 (0) 11 : 0.0000999730 0.0189839000 0.9331200000 0.0000999730 0.0000999730 0.0475964000
42 42 (0) 11 : 0.0000999730 0.0537929000 0.7451790000 0.0000999730 0.0000999730 0.2007280000
43 43 (0) 11 : 0.0050167600 0.0682696000 0.7404840000 0.0000999910 0.0014293100 0.1847010000
44 44 (0) 11 : 0.0468208000 0.0000999910 0.6971380000 0.0454764000 0.0350283000 0.1754370000
45 45 (0) 12 : 0.0000999600 0.0000999600 0.9995000000 0.0000999600 0.0000999600 0.0000999600
46 46 (0) 12 : 0.0000999600 0.0000999600 0.9995000000 0.0000999600 0.0000999600 0.0000999600
47 47 (0) 12 : 0.0000999600 0.0000999600 0.9995000000 0.0000999600 0.0000999600 0.0000999600
48 48 (0) 12 : 0.0000999600 0.0000999600 0.9995000000 0.0000999600 0.0000999600 0.0000999600
1 1 (0) 1 : 0.060604700 0.0321834000 0.0000999820 0.0000999820 0.0171381000 0.8898740000
2 2 (0) 1 : 0.067467600 0.0320249000 0.0000999819 0.0000999819 0.0144614000 0.8858460000
3 3 (0) 1 : 0.000099960 0.0000999600 0.0000999600 0.0000999600 0.0000999600 0.9995000000
4 4 (0) 1 : 0.000099960 0.0000999600 0.0000999600 0.0000999600 0.0000999600 0.9995000000
5 5 (0) 2 : 0.585868000 0.3270230000 0.0092893500 0.0000999910 0.0450562000 0.0326640000
6 6 (0) 2 : 0.554260000 0.3916120000 0.0000999820 0.0000999820 0.0236850000 0.0302435000
7 7 (0) 2 : 0.587911000 0.3622160000 0.0000999820 0.0000999820 0.0133222000 0.0363513000
8 8 (0) 2 : 0.594325000 0.3321870000 0.0041946500 0.0000999910 0.0429164000 0.0262766000
9 9 (0) 3 : 0.000099960 0.9995000000 0.0000999600 0.0000999600 0.0000999600 0.0000999600
10 10 (0) 3 : 0.000099960 0.9995000000 0.0000999600 0.0000999600 0.0000999600 0.0000999600
11 11 (0) 3 : 0.000099960 0.9995000000 0.0000999600 0.0000999600 0.0000999600 0.0000999600
12 12 (0) 3 : 0.056566400 0.8169100000 0.0154163000 0.0488376000 0.0150636000 0.0472066000
13 13 (0) 4 : 0.860206000 0.0000999640 0.0000999640 0.0000999640 0.0000999640 0.1393940000
14 14 (0) 4 : 0.999500000 0.0000999600 0.0000999600 0.0000999600 0.0000999600 0.0000999600
15 15 (0) 4 : 0.894250000 0.0000999639 0.0000999639 0.0000999639 0.0000999639 0.1053500000
16 16 (0) 4 : 0.999500000 0.0000999600 0.0000999600 0.0000999600 0.0000999600 0.0000999600
17 17 (0) 5 : 0.000099960 0.0000999600 0.0000999600 0.0000999600 0.9995000000 0.0000999600
18 18 (0) 5 : 0.007898450 0.0000999640 0.0000999640 0.0000999640 0.9917020000 0.0000999640
19 19 (0) 5 : 0.000099964 0.0000999640 0.0009052290 0.0000999640 0.9986950000 0.0000999640
20 20 (0) 5 : 0.000099964 0.0000999640 0.0000999640 0.0000999640 0.9908600000 0.0087402600
21 21 (0) 6 : 0.000099982 0.0000999820 0.0025758700 0.9569590000 0.0205834000 0.0196814000
22 22 (0) 6 : 0.000099973 0.0000999730 0.0029794000 0.9896180000 0.0071023000 0.0000999730
23 23 (0) 6 : 0.000099960 0.0000999600 0.0000999600 0.9995000000 0.0000999600 0.0000999600
24 24 (0) 6 : 0.000099964 0.0000999640 0.0000999640 0.9916460000 0.0000999640 0.0079543100
25 25 (0) 7 : 0.000099982 0.2208570000 0.0000999820 0.6348250000 0.0421727000 0.1019460000
26 26 (0) 7 : 0.000099973 0.1437830000 0.0000999730 0.7239990000 0.0000999730 0.1319180000
27 27 (0) 7 : 0.000099982 0.1603250000 0.0000999820 0.7185780000 0.0147146000 0.1061820000
28 28 (0) 7 : 0.000099990 0.2288680000 0.0076960800 0.6132600000 0.0690513000 0.0810242000
29 29 (0) 8 : 0.043511300 0.0000999820 0.1266420000 0.8295320000 0.0001144130 0.0000999820
30 30 (0) 8 : 0.078943500 0.0000999730 0.0336604000 0.8870960000 0.0000999730 0.0000999730
31 31 (0) 8 : 0.004514430 0.0000999820 0.0450406000 0.9469660000 0.0032793300 0.0000999820
32 32 (0) 8 : 0.000099964 0.0000999640 0.0565398000 0.9430600000 0.0000999640 0.0000999640
33 33 (0) 9 : 0.695114000 0.0000999820 0.0247661000 0.2737920000 0.0061271200 0.0000999820
34 34 (0) 9 : 0.718671000 0.0000999639 0.0000999639 0.2809290000 0.0000999639 0.0000999639
35 35 (0) 9 : 0.731085000 0.0000999639 0.0000999639 0.2685150000 0.0000999639 0.0000999639
36 36 (0) 9 : 0.705780000 0.0000999729 0.0080697300 0.2858500000 0.0000999729 0.0000999729
37 37 (0) 10 : 0.027885000 0.0217125000 0.6846320000 0.0572507000 0.0162355000 0.1922840000
38 38 (0) 10 : 0.000099964 0.0000999640 0.7307490000 0.0000999640 0.0000999640 0.2688510000
39 39 (0) 10 : 0.034282800 0.0000999820 0.6749620000 0.0663812000 0.0000999820 0.2241740000
40 40 (0) 10 : 0.000099964 0.0000999640 0.7440850000 0.0000999640 0.0000999640 0.2555150000
41 41 (0) 11 : 0.000099973 0.0000999730 0.9458590000 0.0523972000 0.0000999730 0.0014437500
42 42 (0) 11 : 0.000099973 0.0000999730 0.7393780000 0.1844910000 0.0000999730 0.0758318000
43 43 (0) 11 : 0.022712600 0.0009696830 0.7060680000 0.1843070000 0.0000999910 0.0858432000
44 44 (0) 11 : 0.044827400 0.0468671000 0.6901330000 0.1799610000 0.0293742000 0.0088370300
45 45 (0) 12 : 0.000099960 0.0000999600 0.9995000000 0.0000999600 0.0000999600 0.0000999600
46 46 (0) 12 : 0.000099960 0.0000999600 0.9995000000 0.0000999600 0.0000999600 0.0000999600
47 47 (0) 12 : 0.000099960 0.0000999600 0.9995000000 0.0000999600 0.0000999600 0.0000999600
48 48 (0) 12 : 0.000099960 0.0000999600 0.9995000000 0.0000999600 0.0000999600 0.0000999600
1 1 (0) 1 : 0.050450100 0.8949710000 0.0154994000 0.0388794000 0.0000999820 0.0000999820
2 2 (0) 1 : 0.060644100 0.8861630000 0.0219725000 0.0310207000 0.0000999819 0.0000999819
3 3 (0) 1 : 0.000099960 0.9995000000 0.0000999600 0.0000999600 0.0000999600 0.0000999600
4 4 (0) 1 : 0.000099960 0.9995000000 0.0000999600 0.0000999600 0.0000999600 0.0000999600
5 5 (0) 2 : 0.662110000 0.0264077000 0.0299962000 0.2812860000 0.0000999820 0.0000999820
6 6 (0) 2 : 0.605866000 0.0300978000 0.0284759000 0.3353610000 0.0000999820 0.0000999820
7 7 (0) 2 : 0.643872000 0.0264431000 0.0100949000 0.3193900000 0.0000999820 0.0000999820
8 8 (0) 2 : 0.673229000 0.0158247000 0.0247828000 0.2789300000 0.0071339900 0.0000999910
9 9 (0) 3 : 0.000099960 0.0000999600 0.0000999600 0.9995000000 0.0000999600 0.0000999600
10 10 (0) 3 : 0.000099960 0.0000999600 0.0000999600 0.9995000000 0.0000999600 0.0000999600
11 11 (0) 3 : 0.000099960 0.0000999600 0.0000999600 0.9995000000 0.0000999600 0.0000999600
12 12 (0) 3 : 0.055107900 0.0525617000 0.0261845000 0.8048000000 0.0327335000 0.0286118000
13 13 (0) 4 : 0.840016000 0.1595840000 0.0000999639 0.0000999639 0.0000999639 0.0000999639
14 14 (0) 4 : 0.999500000 0.0000999600 0.0000999600 0.0000999600 0.0000999600 0.0000999600
15 15 (0) 4 : 0.894201000 0.1053990000 0.0000999639 0.0000999639 0.0000999639 0.0000999639
16 16 (0) 4 : 0.999500000 0.0000999600 0.0000999600 0.0000999600 0.0000999600 0.0000999600
17 17 (0) 5 : 0.000099960 0.0000999600 0.9995000000 0.0000999600 0.0000999600 0.0000999600
18 18 (0) 5 : 0.000099960 0.0000999600 0.9995000000 0.0000999600 0.0000999600 0.0000999600
19 19 (0) 5 : 0.000099964 0.0000999640 0.9994980000 0.0000999640 0.0001026200 0.0000999640
20 20 (0) 5 : 0.008441210 0.0108507000 0.9804080000 0.0000999730 0.0000999730 0.0000999730
21 21 (0) 6 : 0.000099982 0.0117293000 0.0073248300 0.0000999820 0.0068161800 0.9739300000
22 22 (0) 6 : 0.000099964 0.0000999640 0.0091789400 0.0000999640 0.0000999640 0.9904210000
23 23 (0) 6 : 0.000099960 0.0000999600 0.0000999600 0.0000999600 0.0000999600 0.9995000000
24 24 (0) 6 : 0.000099960 0.0000999600 0.0000999600 0.0000999600 0.0000999600 0.9995000000
25 25 (0) 7 : 0.000099982 0.0730361000 0.0674127000 0.2167400000 0.0000999820 0.6426110000
26 26 (0) 7 : 0.000099973 0.1465410000 0.0000999730 0.1342800000 0.0000999730 0.7188790000
27 27 (0) 7 : 0.000099982 0.1319640000 0.0127175000 0.1496320000 0.0000999820 0.7054870000
28 28 (0) 7 : 0.000099990 0.0780550000 0.0711934000 0.2289980000 0.0102597000 0.6113940000
29 29 (0) 8 : 0.028836100 0.0000999730 0.0000999730 0.0000999730 0.1442800000 0.8265840000
30 30 (0) 8 : 0.067622000 0.0000999820 0.0190349000 0.0000999820 0.0446229000 0.8685200000
31 31 (0) 8 : 0.000099964 0.0000999640 0.0000999640 0.0000999640 0.0493301000 0.9502700000
32 32 (0) 8 : 0.000099964 0.0000999640 0.0000999640 0.0000999640 0.0354803000 0.9641200000
33 33 (0) 9 : 0.684810000 0.0000999730 0.0000999730 0.0000999730 0.0215304000 0.2933590000
34 34 (0) 9 : 0.717278000 0.0000999639 0.0000999639 0.0000999639 0.0000999639 0.2823220000
35 35 (0) 9 : 0.715138000 0.0000999639 0.0000999639 0.0000999639 0.0000999639 0.2844620000
36 36 (0) 9 : 0.702715000 0.0000999730 0.0022466700 0.0000999730 0.0000999730 0.2947380000
37 37 (0) 10 : 0.000099991 0.1709090000 0.0230281000 0.0306381000 0.7254540000 0.0498710000
38 38 (0) 10 : 0.000099964 0.1987000000 0.0000999640 0.0000999640 0.8009000000 0.0000999640
39 39 (0) 10 : 0.020239600 0.2025460000 0.0000999910 0.0177422000 0.7074690000 0.0519026000
40 40 (0) 10 : 0.000099973 0.2040920000 0.0101334000 0.0000999730 0.7854750000 0.0000999730
41 41 (0) 11 : 0.000099964 0.0000999640 0.0000999640 0.0000999640 0.9476660000 0.0519338000
42 42 (0) 11 : 0.000099973 0.0396354000 0.0000999730 0.0000999730 0.7566250000 0.2034400000
43 43 (0) 11 : 0.005822090 0.0391429000 0.0000999910 0.0159624000 0.7581810000 0.1807920000
44 44 (0) 11 : 0.037208400 0.0022442700 0.0377442000 0.0495766000 0.7090630000 0.1641640000
45 45 (0) 12 : 0.000099960 0.0000999600 0.0000999600 0.0000999600 0.9995000000 0.0000999600
46 46 (0) 12 : 0.000099960 0.0000999600 0.0000999600 0.0000999600 0.9995000000 0.0000999600
47 47 (0) 12 : 0.000099960 0.0000999600 0.0000999600 0.0000999600 0.9995000000 0.0000999600
48 48 (0) 12 : 0.000099960 0.0000999600 0.0000999600 0.0000999600 0.9995000000 0.0000999600
1 1 (0) 1 : 0.0571315000 0.8753000000 0.0000999820 0.0000999820 0.0307986000 0.0365702000
2 2 (0) 1 : 0.0492197000 0.9077070000 0.0000999820 0.0000999820 0.0178158000 0.0250572000
3 3 (0) 1 : 0.0000999600 0.9995000000 0.0000999600 0.0000999600 0.0000999600 0.0000999600
4 4 (0) 1 : 0.0000999600 0.9995000000 0.0000999600 0.0000999600 0.0000999600 0.0000999600
5 5 (0) 2 : 0.5978790000 0.0332018000 0.0000999910 0.0107177000 0.0276585000 0.3304430000
6 6 (0) 2 : 0.5176640000 0.0506459000 0.0000999820 0.0000999820 0.0265991000 0.4048910000
7 7 (0) 2 : 0.5739420000 0.0355612000 0.0000999820 0.0000999820 0.0152986000 0.3749980000
8 8 (0) 2 : 0.5949110000 0.0186528000 0.0000999910 0.0184836000 0.0276599000 0.3401920000
9 9 (0) 3 : 0.0000999600 0.0000999600 0.0000999600 0.0000999600 0.0000999600 0.9995000000
10 10 (0) 3 : 0.0000999600 0.0000999600 0.0000999600 0.0000999600 0.0000999600 0.9995000000
11 11 (0) 3 : 0.0000999600 0.0000999600 0.0000999600 0.0000999600 0.0000999600 0.9995000000
12 12 (0) 3 : 0.0487317000 0.0459183000 0.0570179000 0.0191377000 0.0103036000 0.8188910000
13 13 (0) 4 : 0.8328510000 0.1645510000 0.0000999729 0.0000999729 0.0000999729 0.0022972800
14 14 (0) 4 : 0.9995000000 0.0000999600 0.0000999600 0.0000999600 0.0000999600 0.0000999600
15 15 (0) 4 : 0.9084990000 0.0911016000 0.0000999640 0.0000999640 0.0000999640 0.0000999640
16 16 (0) 4 : 0.9995000000 0.0000999600 0.0000999600 0.0000999600 0.0000999600 0.0000999600
17 17 (0) 5 : 0.0000999600 0.0000999600 0.0000999600 0.0000999600 0.9995000000 0.0000999600
18 18 (0) 5 : 0.0000999632 0.0000999632 0.0000999632 0.0000999632 0.9995000000 0.0000999632
19 19 (0) 5 : 0.0000999600 0.0000999600 0.0000999600 0.0000999600 0.9995000000 0.0000999600
20 20 (0) 5 : 0.0162515000 0.0016632300 0.0000999730 0.0000999730 0.9817850000 0.0000999730
21 21 (0) 6 : 0.0000999700 0.0165368000 0.9707450000 0.0000999700 0.0124178000 0.0000999700
22 22 (0) 6 : 0.0000999730 0.0000999730 0.9866150000 0.0063308500 0.0067547100 0.0000999730
23 23 (0) 6 : 0.0000999600 0.0000999600 0.9995000000 0.0000999600 0.0000999600 0.0000999600
24 24 (0) 6 : 0.0000999600 0.0000999600 0.9995000000 0.0000999600 0.0000999600 0.0000999600
25 25 (0) 7 : 0.0000999820 0.0733941000 0.6229800000 0.0000999820 0.0631637000 0.2402630000
26 26 (0) 7 : 0.0000999730 0.1454070000 0.7133350000 0.0000999730 0.0000999730 0.1409580000
27 27 (0) 7 : 0.0000999800 0.1075460000 0.7043520000 0.0000999800 0.0293803000 0.1585220000
28 28 (0) 7 : 0.0000999900 0.0534932000 0.6062920000 0.0090642400 0.0799676000 0.2510830000
29 29 (0) 8 : 0.0178792000 0.0000999730 0.8423150000 0.1395060000 0.0000999730 0.0000999730
30 30 (0) 8 : 0.0774093000 0.0002979150 0.8861440000 0.0338790000 0.0021702400 0.0000999910
31 31 (0) 8 : 0.0021440700 0.0000999730 0.9552540000 0.0423023000 0.0000999730 0.0000999730
32 32 (0) 8 : 0.0000999640 0.0000999640 0.9748590000 0.0247416000 0.0000999640 0.0000999640
33 33 (0) 9 : 0.6912550000 0.0000999730 0.2902020000 0.0182428000 0.0000999730 0.0000999730
34 34 (0) 9 : 0.7260290000 0.0000999729 0.2669140000 0.0067567800 0.0000999729 0.0000999729
35 35 (0) 9 : 0.7001790000 0.0000999639 0.2994210000 0.0000999639 0.0000999639 0.0000999639
36 36 (0) 9 : 0.7242800000 0.0000999730 0.2595780000 0.0158423000 0.0000999730 0.0000999730
37 37 (0) 10 : 0.0171226000 0.1565680000 0.0584060000 0.7120800000 0.0307543000 0.0250686000
38 38 (0) 10 : 0.0097459000 0.2371640000 0.0000999730 0.7527900000 0.0000999730 0.0000999730
39 39 (0) 10 : 0.0340197000 0.2076600000 0.0520673000 0.6807630000 0.0069492900 0.0185406000
40 40 (0) 10 : 0.0000999640 0.2261690000 0.0000999640 0.7734310000 0.0000999640 0.0000999640
41 41 (0) 11 : 0.0000999730 0.0000999730 0.0432808000 0.9495810000 0.0068382000 0.0000999730
42 42 (0) 11 : 0.0016448500 0.0812576000 0.1635210000 0.7533770000 0.0000999820 0.0000999820
43 43 (0) 11 : 0.0158396000 0.0839849000 0.1450360000 0.7549400000 0.0000999820 0.0000999820
44 44 (0) 11 : 0.0558380000 0.0000999910 0.1821990000 0.6869140000 0.0307538000 0.0441953000
45 45 (0) 12 : 0.0000999600 0.0000999600 0.0000999600 0.9995000000 0.0000999600 0.0000999600
46 46 (0) 12 : 0.0000999600 0.0000999600 0.0000999600 0.9995000000 0.0000999600 0.0000999600
47 47 (0) 12 : 0.0000999600 0.0000999600 0.0000999600 0.9995000000 0.0000999600 0.0000999600
48 48 (0) 12 : 0.0000999600 0.0000999600 0.0000999600 0.9995000000 0.0000999600 0.0000999600
1 1 (0) 1 : 0.9035560000 0.0143995000 0.0000999820 0.0000999820 0.0374102000 0.044434500
2 2 (0) 1 : 0.9085040000 0.0199985000 0.0000999820 0.0000999820 0.0177588000 0.053538700
3 3 (0) 1 : 0.9995000000 0.0000999600 0.0000999600 0.0000999600 0.0000999600 0.000099960
4 4 (0) 1 : 0.9995000000 0.0000999600 0.0000999600 0.0000999600 0.0000999600 0.000099960
5 5 (0) 2 : 0.0224110000 0.0415014000 0.0000999910 0.0007768070 0.3450840000 0.590127000
6 6 (0) 2 : 0.0425837000 0.0357194000 0.0000999820 0.0000999820 0.3891090000 0.532388000
7 7 (0) 2 : 0.0450121000 0.0304510000 0.0000999820 0.0000999820 0.3661160000 0.558221000
8 8 (0) 2 : 0.0292053000 0.0355626000 0.0000999910 0.0129225000 0.3152980000 0.606911000
9 9 (0) 3 : 0.0000999600 0.0000999600 0.0000999600 0.0000999600 0.9995000000 0.000099960
10 10 (0) 3 : 0.0000999600 0.0000999600 0.0000999600 0.0000999600 0.9995000000 0.000099960
11 11 (0) 3 : 0.0000999600 0.0000999600 0.0000999600 0.0000999600 0.9995000000 0.000099960
12 12 (0) 3 : 0.0633553000 0.0324179000 0.0322358000 0.0147458000 0.8132790000 0.043965800
13 13 (0) 4 : 0.1679680000 0.0000999639 0.0000999639 0.0000999639 0.0000999639 0.831632000
14 14 (0) 4 : 0.0000999600 0.0000999600 0.0000999600 0.0000999600 0.0000999600 0.999500000
15 15 (0) 4 : 0.1257900000 0.0000999640 0.0000999640 0.0000999640 0.0000999640 0.873810000
16 16 (0) 4 : 0.0000999600 0.0000999600 0.0000999600 0.0000999600 0.0000999600 0.999500000
17 17 (0) 5 : 0.0000999600 0.9995000000 0.0000999600 0.0000999600 0.0000999600 0.000099960
18 18 (0) 5 : 0.0000999600 0.9995000000 0.0000999600 0.0000999600 0.0000999600 0.000099960
19 19 (0) 5 : 0.0000999600 0.9995000000 0.0000999600 0.0000999600 0.0000999600 0.000099960
20 20 (0) 5 : 0.0000999730 0.9839140000 0.0000999730 0.0144671000 0.0013193200 0.000099973
21 21 (0) 6 : 0.0215150000 0.0048724400 0.9609560000 0.0124563000 0.0000999820 0.000099982
22 22 (0) 6 : 0.0039107900 0.0094064000 0.9863830000 0.0000999730 0.0000999730 0.000099973
23 23 (0) 6 : 0.0000999600 0.0000999600 0.9995000000 0.0000999600 0.0000999600 0.000099960
24 24 (0) 6 : 0.0000999600 0.0000999600 0.9995000000 0.0000999600 0.0000999600 0.000099960
25 25 (0) 7 : 0.0690825000 0.0511332000 0.6388540000 0.0000999820 0.2407300000 0.000099982
26 26 (0) 7 : 0.1295430000 0.0000999730 0.7277310000 0.0000999730 0.1424270000 0.000099973
27 27 (0) 7 : 0.1102920000 0.0032557700 0.7418470000 0.0000999820 0.1444060000 0.000099982
28 28 (0) 7 : 0.0755360000 0.0720793000 0.5916400000 0.0105689000 0.2500760000 0.000099991
29 29 (0) 8 : 0.0000999820 0.0001293650 0.8500800000 0.1344730000 0.0000999820 0.015116900
30 30 (0) 8 : 0.0000999820 0.0030125100 0.8709530000 0.0425725000 0.0000999820 0.083261900
31 31 (0) 8 : 0.0000999640 0.0000999640 0.9503450000 0.0492555000 0.0000999640 0.000099964
32 32 (0) 8 : 0.0000999640 0.0000999640 0.9731260000 0.0264746000 0.0000999640 0.000099964
33 33 (0) 9 : 0.0000999820 0.0139592000 0.2969230000 0.0146766000 0.0000999820 0.674241000
34 34 (0) 9 : 0.0000999639 0.0000999639 0.2795090000 0.0000999639 0.0000999639 0.720091000
35 35 (0) 9 : 0.0000999639 0.0000999639 0.2826310000 0.0000999639 0.0000999639 0.716969000
36 36 (0) 9 : 0.0000999729 0.0000999729 0.2955790000 0.0080534200 0.0000999729 0.696068000
37 37 (0) 10 : 0.1903640000 0.0098387900 0.0341820000 0.7170210000 0.0411385000 0.007455790
38 38 (0) 10 : 0.2330040000 0.0000999640 0.0000999640 0.7665970000 0.0000999640 0.000099964
39 39 (0) 10 : 0.2150180000 0.0000999910 0.0378287000 0.7158770000 0.0036028300 0.027573800
40 40 (0) 10 : 0.2322690000 0.0000999730 0.0000999730 0.7666660000 0.0000999730 0.000765577
41 41 (0) 11 : 0.0078544000 0.0078144000 0.0376022000 0.9465290000 0.0000999820 0.000099982
42 42 (0) 11 : 0.0689437000 0.0000999730 0.1867430000 0.7440130000 0.0000999730 0.000099973
43 43 (0) 11 : 0.1086290000 0.0000999730 0.1680440000 0.7230270000 0.0000999730 0.000099973
44 44 (0) 11 : 0.0077242800 0.0380800000 0.1589840000 0.6971560000 0.0368506000 0.061204800
45 45 (0) 12 : 0.0000999600 0.0000999600 0.0000999600 0.9995000000 0.0000999600 0.000099960
46 46 (0) 12 : 0.0000999600 0.0000999600 0.0000999600 0.9995000000 0.0000999600 0.000099960
47 47 (0) 12 : 0.0000999600 0.0000999600 0.0000999600 0.9995000000 0.0000999600 0.000099960
48 48 (0) 12 : 0.0000999600 0.0000999600 0.0000999600 0.9995000000 0.0000999600 0.000099960
1 1 (0) 1 : 0.9096060000 0.0000999820 0.0275410000 0.061332300 0.0013205800 0.0000999820
2 2 (0) 1 : 0.9136340000 0.0000999819 0.0195340000 0.059981600 0.0066506200 0.0000999819
3 3 (0) 1 : 0.9995000000 0.0000999600 0.0000999600 0.000099960 0.0000999600 0.0000999600
4 4 (0) 1 : 0.9995000000 0.0000999600 0.0000999600 0.000099960 0.0000999600 0.0000999600
5 5 (0) 2 : 0.0609196000 0.0013309800 0.3098860000 0.593957000 0.0338061000 0.0000999910
6 6 (0) 2 : 0.0839657000 0.0000999820 0.3814310000 0.512387000 0.0220165000 0.0000999820
7 7 (0) 2 : 0.0571586000 0.0000999820 0.3575550000 0.564707000 0.0203792000 0.0000999820
8 8 (0) 2 : 0.0301587000 0.0000999820 0.3086570000 0.625132000 0.0358524000 0.0000999820
9 9 (0) 3 : 0.0000999600 0.0000999600 0.9995000000 0.000099960 0.0000999600 0.0000999600
10 10 (0) 3 : 0.0000999600 0.0000999600 0.9995000000 0.000099960 0.0000999600 0.0000999600
11 11 (0) 3 : 0.0000999600 0.0000999600 0.9995000000 0.000099960 0.0000999600 0.0000999600
12 12 (0) 3 : 0.0491887000 0.0125864000 0.8200670000 0.045032400 0.0158125000 0.0573131000
13 13 (0) 4 : 0.1514870000 0.0000999639 0.0000999639 0.848113000 0.0000999639 0.0000999639
14 14 (0) 4 : 0.0000999600 0.0000999600 0.0000999600 0.999500000 0.0000999600 0.0000999600
15 15 (0) 4 : 0.0822132000 0.0000999639 0.0000999639 0.917387000 0.0000999639 0.0000999639
16 16 (0) 4 : 0.0000999600 0.0000999600 0.0000999600 0.999500000 0.0000999600 0.0000999600
17 17 (0) 5 : 0.0000999600 0.0000999600 0.0000999600 0.000099960 0.9995000000 0.0000999600
18 18 (0) 5 : 0.0000999600 0.0000999600 0.0000999600 0.000099960 0.9995000000 0.0000999600
19 19 (0) 5 : 0.0000999600 0.0000999600 0.0000999600 0.000099960 0.9995000000 0.0000999600
20 20 (0) 5 : 0.0000999910 0.0034518700 0.0001625180 0.001348780 0.9867370000 0.0081999600
21 21 (0) 6 : 0.0204437000 0.0000999730 0.0000999730 0.000099973 0.0096572600 0.9695990000
22 22 (0) 6 : 0.0000999640 0.0000999640 0.0000999640 0.000099964 0.0027650100 0.9968350000
23 23 (0) 6 : 0.0000999600 0.0000999600 0.0000999600 0.000099960 0.0000999600 0.9995000000
24 24 (0) 6 : 0.0009743600 0.0000999640 0.0000999640 0.000099964 0.0000999640 0.9986260000
25 25 (0) 7 : 0.0797692000 0.0000999820 0.2347670000 0.000099982 0.0531868000 0.6320770000
26 26 (0) 7 : 0.1670350000 0.0000999730 0.1251540000 0.000099973 0.0000999730 0.7075110000
27 27 (0) 7 : 0.1300980000 0.0000999820 0.1435400000 0.000099982 0.0123561000 0.7138060000
28 28 (0) 7 : 0.0795889000 0.0073506000 0.2357010000 0.000099991 0.0843172000 0.5929420000
29 29 (0) 8 : 0.0000999820 0.1380100000 0.0000999820 0.024915800 0.0114910000 0.8253830000
30 30 (0) 8 : 0.0000999820 0.0446879000 0.0000999820 0.066655300 0.0130214000 0.8754350000
31 31 (0) 8 : 0.0000999730 0.0374237000 0.0000999730 0.000099973 0.0004343240 0.9618420000
32 32 (0) 8 : 0.0000999640 0.0390450000 0.0000999640 0.000099964 0.0000999640 0.9605550000
33 33 (0) 9 : 0.0000999820 0.0222979000 0.0000999820 0.664774000 0.0014391800 0.3112890000
34 34 (0) 9 : 0.0000999639 0.0000999639 0.0000999639 0.718574000 0.0000999639 0.2810260000
35 35 (0) 9 : 0.0000999639 0.0000999639 0.0000999639 0.714310000 0.0000999639 0.2852900000
36 36 (0) 9 : 0.0000999730 0.0038514100 0.0000999730 0.712872000 0.0000999730 0.2829770000
37 37 (0) 10 : 0.2046100000 0.6932090000 0.0156414000 0.005418950 0.0227025000 0.0584177000
38 38 (0) 10 : 0.2730780000 0.7265220000 0.0000999640 0.000099964 0.0000999640 0.0000999640
39 39 (0) 10 : 0.2569500000 0.6553920000 0.0000999825 0.012691200 0.0000999825 0.0747666000
40 40 (0) 10 : 0.2501650000 0.7304630000 0.0000999730 0.000099973 0.0000999730 0.0190722000
41 41 (0) 11 : 0.0188638000 0.9323010000 0.0000999730 0.000099973 0.0000999730 0.0485358000
42 42 (0) 11 : 0.0912612000 0.7107840000 0.0000999730 0.000099973 0.0000999730 0.1976540000
43 43 (0) 11 : 0.0965624000 0.6993270000 0.0000999820 0.010142900 0.0000999820 0.1937680000
44 44 (0) 11 : 0.0000999910 0.6930060000 0.0325542000 0.049487300 0.0346656000 0.1901870000
45 45 (0) 12 : 0.0000999600 0.9995000000 0.0000999600 0.000099960 0.0000999600 0.0000999600
46 46 (0) 12 : 0.0000999600 0.9995000000 0.0000999600 0.000099960 0.0000999600 0.0000999600
47 47 (0) 12 : 0.0000999600 0.9995000000 0.0000999600 0.000099960 0.0000999600 0.0000999600
48 48 (0) 12 : 0.0000999600 0.9995000000 0.0000999600 0.000099960 0.0000999600 0.0000999600
