-------------------------------------------------------------------------------
 L       Percentage of nodes in the largest component
 D       Percentage of nodes in components of size at most 3 [-div option]
 R       Percentage of nodes not in L or D: 100 - L -D
 S       Percentage of nodes that are singletons
 E       Fraction of edges retained (input graph has 9900)
 cce     Expected size of component, nodewise [ sum(sz^2) / sum^2(sz) ]
 EW      Edge weight traits (mean, median and IQR)
 ND      Node degree traits [mean, median and IQR]
 CCF     Clustering coefficient (scale 1-100)
 eff     Induced component efficiency relative to start graph (scale 1-1000)
Total number of nodes: 100
----------------------------------------------------------------------------------------------
  L   D   R   S     E     cce  EWmean   EWmed   EWiqr  NDmean   NDmed  NDiqr CCF  eff  Cutoff 
----------------------------------------------------------------------------------------------
100   0   0   0 1.000     100    0.78    0.92    0.39    99.0    99.5    0.5   -    -     0.50
100   0   0   0 1.000     100    0.78    0.92    0.39    99.0    99.5    0.5   -    -     0.51
100   0   0   0 1.000     100    0.78    0.92    0.39    99.0    99.5    0.5   -    -     0.52
100   0   0   0 1.000     100    0.78    0.92    0.39    99.0    99.5    0.5   -    -     0.53
100   0   0   0 1.000     100    0.78    0.92    0.39    99.0    99.5    0.5   -    -     0.54
100   0   0   0 1.000     100    0.78    0.92    0.39    99.0    99.5    0.5   -    -     0.55
100   0   0   0 1.000     100    0.78    0.92    0.39    99.0    99.5    0.5   -    -     0.56
100   0   0   0 0.988     100    0.79    0.96    0.39    97.8    99.5    1.5   -    -     0.57
100   0   0   0 0.872     100    0.81    0.97    0.39    86.3    90.5   13.5   -    -     0.58
100   0   0   0 0.570     100    0.94    0.98    0.01    56.4    62.5   18.5   -    -     0.59
 97   3   0   0 0.515      94    0.97    0.98    0.01    51.0    62.5   28.5   -    -     0.60
 63   3  34   0 0.508      51    0.98    0.98    0.01    50.3    62.5   29.5   -    -     0.61
 63   3  34   0 0.508      51    0.98    0.98    0.01    50.3    62.5   29.5   -    -     0.62
 63   3  34   0 0.508      51    0.98    0.98    0.01    50.3    62.5   29.5   -    -     0.63
 63   3  34   0 0.508      51    0.98    0.98    0.01    50.3    62.5   29.5   -    -     0.64
 63   3  34   0 0.508      51    0.98    0.98    0.01    50.3    62.5   29.5   -    -     0.65
 63   3  34   0 0.508      51    0.98    0.98    0.01    50.3    62.5   29.5   -    -     0.66
 63   3  34   0 0.508      51    0.98    0.98    0.01    50.3    62.5   29.5   -    -     0.67
 63   3  34   0 0.508      51    0.98    0.98    0.01    50.3    62.5   29.5   -    -     0.68
 63   3  34   0 0.508      51    0.98    0.98    0.01    50.3    62.5   29.5   -    -     0.69
 63   3  34   0 0.508      51    0.98    0.98    0.01    50.3    62.5   29.5   -    -     0.70
 63   3  34   0 0.508      51    0.98    0.98    0.01    50.3    62.5   29.5   -    -     0.71
 63   3  34   0 0.508      51    0.98    0.98    0.01    50.3    62.5   29.5   -    -     0.72
 63   3  34   0 0.508      51    0.98    0.98    0.01    50.3    62.5   29.5   -    -     0.73
 63   3  34   0 0.508      51    0.98    0.98    0.01    50.3    62.5   29.5   -    -     0.74
 63   3  34   0 0.508      51    0.98    0.98    0.01    50.3    62.5   29.5   -    -     0.75
 63   3  34   0 0.508      51    0.98    0.98    0.01    50.3    62.5   29.5   -    -     0.76
 63   3  34   0 0.508      51    0.98    0.98    0.01    50.3    62.5   29.5   -    -     0.77
 63   3  34   0 0.508      51    0.98    0.98    0.01    50.3    62.5   29.5   -    -     0.78
 63   3  34   0 0.508      51    0.98    0.98    0.01    50.3    62.5   29.5   -    -     0.79
 63   3  34   0 0.508      51    0.98    0.98    0.01    50.3    62.5   29.5   -    -     0.80
 63   3  34   0 0.508      51    0.98    0.98    0.01    50.3    62.5   29.5   -    -     0.81
 63   3  34   0 0.508      51    0.98    0.98    0.01    50.3    62.5   29.5   -    -     0.82
 63   3  34   0 0.508      51    0.98    0.98    0.01    50.3    62.5   29.5   -    -     0.83
 63   3  34   0 0.508      51    0.98    0.98    0.01    50.3    62.5   29.5   -    -     0.84
 63   3  34   0 0.508      51    0.98    0.98    0.01    50.3    62.5   29.5   -    -     0.85
 63   3  34   0 0.508      51    0.98    0.98    0.01    50.3    62.5   29.5   -    -     0.86
 63   3  34   0 0.508      51    0.98    0.98    0.01    50.3    62.5   29.5   -    -     0.87
 63   3  34   0 0.508      51    0.98    0.98    0.01    50.3    62.5   29.5   -    -     0.88
 63   3  34   0 0.508      51    0.98    0.98    0.01    50.3    62.5   29.5   -    -     0.89
 63   3  34   0 0.508      51    0.98    0.98    0.01    50.3    62.5   29.5   -    -     0.90
 63   3  34   0 0.505      51    0.98    0.98    0.01    50.0    61.5   29.5   -    -     0.91
 63   3  34   0 0.499      51    0.98    0.98    0.01    49.4    61.5   28.5   -    -     0.92
 63   3  34   0 0.496      51    0.98    0.98    0.01    49.1    61.5   28.5   -    -     0.93
 63   3  34   0 0.496      51    0.98    0.98    0.01    49.1    61.5   28.5   -    -     0.94
 62   4  34   1 0.496      50    0.98    0.98    0.01    49.1    61.5   28.5   -    -     0.95
 62   4  34   1 0.490      50    0.98    0.98    0.01    48.5    59.5   28.5   -    -     0.96
 62   4  34   1 0.452      50    0.98    0.98    0.01    44.8    51.5   25.5   -    -     0.97
 60   6  34   1 0.231      48    0.98    0.98    0.00    22.9    25.5   14.5   -    -     0.98
  0 100   0  98 0.000       1    0.99    0.99    0.00     0.0     0.5    0.5   -    -     0.99
---------------------------------------------------------------------------------------------
