1 1 (0) 1 : 0.0000999729 0.0000999729 0.0026932400 0.0370054000 0.9053110000 0.0000999729 0.054690800
2 2 (0) 1 : 0.0000999729 0.0000999729 0.0188315000 0.0232608000 0.8934130000 0.0000999729 0.064195100
3 3 (0) 1 : 0.0000999500 0.0000999500 0.0000999500 0.0000999500 0.9994000000 0.0000999500 0.000099950
4 4 (0) 1 : 0.0000999500 0.0000999500 0.0000999500 0.0000999500 0.9994000000 0.0000999500 0.000099950
5 5 (0) 2 : 0.0000999640 0.0097486100 0.0000999640 0.0000999640 0.0000999640 0.9784950000 0.011356200
6 6 (0) 2 : 0.0000999500 0.0000999500 0.0000999500 0.0000999500 0.0000999500 0.9994000000 0.000099950
7 7 (0) 2 : 0.0000999500 0.0000999500 0.0000999500 0.0000999500 0.0000999500 0.9994000000 0.000099950
8 8 (0) 2 : 0.0000999730 0.0018698400 0.0079882200 0.0000999730 0.0000999730 0.9474910000 0.042350800
9 9 (0) 3 : 0.0000999500 0.0000999500 0.0000999500 0.9994000000 0.0000999500 0.0000999500 0.000099950
10 10 (0) 3 : 0.0000999500 0.0000999500 0.0000999500 0.9994000000 0.0000999500 0.0000999500 0.000099950
11 11 (0) 3 : 0.0000999500 0.0000999500 0.0000999500 0.9994000000 0.0000999500 0.0000999500 0.000099950
12 12 (0) 3 : 0.0256867000 0.0201810000 0.0078499800 0.7618140000 0.0516108000 0.0598915000 0.072965500
13 13 (0) 4 : 0.0000999729 0.0000999729 0.0000999729 0.0159331000 0.1318020000 0.0639343000 0.788031000
14 14 (0) 4 : 0.0000999500 0.0000999500 0.0000999500 0.0000999500 0.0000999500 0.0000999500 0.999400000
15 15 (0) 4 : 0.0000999550 0.0000999550 0.0000999550 0.0000999550 0.1183340000 0.0000999550 0.881166000
16 16 (0) 4 : 0.0000999500 0.0000999500 0.0000999500 0.0000999500 0.0000999500 0.0000999500 0.999400000
17 17 (0) 5 : 0.0000999500 0.0000999500 0.9994000000 0.0000999500 0.0000999500 0.0000999500 0.000099950
18 18 (0) 5 : 0.0000999550 0.0000999550 0.9983340000 0.0000999550 0.0000999550 0.0011659400 0.000099955
19 19 (0) 5 : 0.0000999500 0.0000999500 0.9994000000 0.0000999500 0.0000999500 0.0000999500 0.000099950
20 20 (0) 5 : 0.0128323000 0.0075994100 0.9776630000 0.0004651250 0.0012396700 0.0000999820 0.000099982
21 21 (0) 6 : 0.9437930000 0.0078512700 0.0337420000 0.0000999730 0.0143140000 0.0000999730 0.000099973
22 22 (0) 6 : 0.9976860000 0.0000999550 0.0018147000 0.0000999550 0.0000999550 0.0000999550 0.000099955
23 23 (0) 6 : 0.9994000000 0.0000999500 0.0000999500 0.0000999500 0.0000999500 0.0000999500 0.000099950
24 24 (0) 6 : 0.9994000000 0.0000999500 0.0000999500 0.0000999500 0.0000999500 0.0000999500 0.000099950
25 25 (0) 7 : 0.6306320000 0.0000999820 0.0583740000 0.1864690000 0.0771756000 0.0471501000 0.000099982
26 26 (0) 7 : 0.7193630000 0.0000999730 0.0000999730 0.0849599000 0.1405740000 0.0548034000 0.000099973
27 27 (0) 7 : 0.7243030000 0.0000999820 0.0006961190 0.1162940000 0.1039510000 0.0545556000 0.000099982
28 28 (0) 7 : 0.5762640000 0.0014980200 0.0884393000 0.1926840000 0.1139800000 0.0270343000 0.000099991
29 29 (0) 8 : 0.8551590000 0.1265680000 0.0017232200 0.0000999730 0.0000999730 0.0000999730 0.016250100
30 30 (0) 8 : 0.8644970000 0.0434906000 0.0188749000 0.0000999730 0.0000999730 0.0000999730 0.072837000
31 31 (0) 8 : 0.9523170000 0.0407586000 0.0000999640 0.0000999640 0.0000999640 0.0000999640 0.006524560
32 32 (0) 8 : 0.9650380000 0.0344624000 0.0000999550 0.0000999550 0.0000999550 0.0000999550 0.000099955
33 33 (0) 9 : 0.2433390000 0.0412847000 0.0070833100 0.0000999730 0.0000999730 0.0000999730 0.707993000
34 34 (0) 9 : 0.2385690000 0.0161846000 0.0000999639 0.0000999639 0.0000999639 0.0000999639 0.744847000
35 35 (0) 9 : 0.2613430000 0.0000999549 0.0000999549 0.0000999549 0.0000999549 0.0000999549 0.738158000
36 36 (0) 9 : 0.2522160000 0.0190474000 0.0001162810 0.0000999820 0.0000999820 0.0230037000 0.705417000
37 37 (0) 10 : 0.0410211000 0.7365140000 0.0116577000 0.0372124000 0.1513070000 0.0065783000 0.015710000
38 38 (0) 10 : 0.0000999550 0.7951990000 0.0000999550 0.0000999550 0.2043010000 0.0000999550 0.000099955
39 39 (0) 10 : 0.0568576000 0.7059470000 0.0000999910 0.0170982000 0.1959380000 0.0043787600 0.019680300
40 40 (0) 10 : 0.0000999730 0.7782540000 0.0000999730 0.0133409000 0.1976580000 0.0000999730 0.010448000
41 41 (0) 11 : 0.0441369000 0.9375850000 0.0070845000 0.0000999700 0.0108939000 0.0000999700 0.000099970
42 42 (0) 11 : 0.1912870000 0.7355190000 0.0000999640 0.0000999640 0.0727943000 0.0000999640 0.000099964
43 43 (0) 11 : 0.1726910000 0.7177670000 0.0000999820 0.0097810800 0.0827109000 0.0000999820 0.016849700
44 44 (0) 11 : 0.1977980000 0.6774240000 0.0306420000 0.0270835000 0.0012717500 0.0217396000 0.044040200
45 45 (0) 12 : 0.0000999500 0.9994000000 0.0000999500 0.0000999500 0.0000999500 0.0000999500 0.000099950
46 46 (0) 12 : 0.0000999500 0.9994000000 0.0000999500 0.0000999500 0.0000999500 0.0000999500 0.000099950
47 47 (0) 12 : 0.0000999500 0.9994000000 0.0000999500 0.0000999500 0.0000999500 0.0000999500 0.000099950
48 48 (0) 12 : 0.0000999500 0.9994000000 0.0000999500 0.0000999500 0.0000999500 0.0000999500 0.000099950
1 1 (0) 1 : 0.019760700 0.0000999729 0.0000999729 0.0406087000 0.8652900000 0.0740408000 0.0000999729
2 2 (0) 1 : 0.021836100 0.0000999729 0.0000999729 0.0356572000 0.8826270000 0.0595798000 0.0000999729
3 3 (0) 1 : 0.000099950 0.0000999500 0.0000999500 0.0000999500 0.9994000000 0.0000999500 0.0000999500
4 4 (0) 1 : 0.000099950 0.0000999500 0.0000999500 0.0000999500 0.9994000000 0.0000999500 0.0000999500
5 5 (0) 2 : 0.001040790 0.9745100000 0.0033933700 0.0000999730 0.0000999730 0.0000999730 0.0207555000
6 6 (0) 2 : 0.000099955 0.9797810000 0.0000999550 0.0197193000 0.0000999550 0.0000999550 0.0000999550
7 7 (0) 2 : 0.000099950 0.9994000000 0.0000999500 0.0000999500 0.0000999500 0.0000999500 0.0000999500
8 8 (0) 2 : 0.000099964 0.9771110000 0.0000999640 0.0000999640 0.0000999640 0.0156327000 0.0068560900
9 9 (0) 3 : 0.000099950 0.0000999500 0.0000999500 0.9994000000 0.0000999500 0.0000999500 0.0000999500
10 10 (0) 3 : 0.000099950 0.0000999500 0.0000999500 0.9994000000 0.0000999500 0.0000999500 0.0000999500
11 11 (0) 3 : 0.000099950 0.0000999500 0.0000999500 0.9994000000 0.0000999500 0.0000999500 0.0000999500
12 12 (0) 3 : 0.013696000 0.0554421000 0.0428136000 0.7657040000 0.0425409000 0.0674698000 0.0123336000
13 13 (0) 4 : 0.000099973 0.0513452000 0.0000999730 0.0162697000 0.1315550000 0.8005300000 0.0000999730
14 14 (0) 4 : 0.000099950 0.0000999500 0.0000999500 0.0000999500 0.0000999500 0.9994000000 0.0000999500
15 15 (0) 4 : 0.000099964 0.0000999640 0.0000999640 0.0084813600 0.0803138000 0.9108050000 0.0000999640
16 16 (0) 4 : 0.000099950 0.0000999500 0.0000999500 0.0000999500 0.0000999500 0.9994000000 0.0000999500
17 17 (0) 5 : 0.997269000 0.0000999550 0.0000999550 0.0022312400 0.0000999550 0.0000999550 0.0000999550
18 18 (0) 5 : 0.998896000 0.0006037250 0.0000999550 0.0000999550 0.0000999550 0.0000999550 0.0000999550
19 19 (0) 5 : 0.999400000 0.0000999500 0.0000999500 0.0000999500 0.0000999500 0.0000999500 0.0000999500
20 20 (0) 5 : 0.980373000 0.0023000100 0.0000999730 0.0000999730 0.0062980500 0.0107292000 0.0000999730
21 21 (0) 6 : 0.023629900 0.0000999639 0.9569820000 0.0000999639 0.0189881000 0.0000999639 0.0000999639
22 22 (0) 6 : 0.007777560 0.0000999550 0.9917230000 0.0000999550 0.0000999550 0.0000999550 0.0000999550
23 23 (0) 6 : 0.000099950 0.0000999500 0.9994000000 0.0000999500 0.0000999500 0.0000999500 0.0000999500
24 24 (0) 6 : 0.000099955 0.0000999550 0.9921200000 0.0000999550 0.0073806000 0.0000999550 0.0000999550
25 25 (0) 7 : 0.052307800 0.0643446000 0.6495780000 0.1890310000 0.0445389000 0.0000999820 0.0000999820
26 26 (0) 7 : 0.000099973 0.0517803000 0.7136390000 0.0909633000 0.1433170000 0.0000999730 0.0000999730
27 27 (0) 7 : 0.004711760 0.0667340000 0.7279480000 0.1084550000 0.0919513000 0.0000999820 0.0000999820
28 28 (0) 7 : 0.067142100 0.0391908000 0.6230740000 0.2053220000 0.0650714000 0.0000999820 0.0000999820
29 29 (0) 8 : 0.005820040 0.0000999730 0.8355190000 0.0000999730 0.0000999730 0.0315114000 0.1268490000
30 30 (0) 8 : 0.014063100 0.0000999730 0.8394340000 0.0000999730 0.0000999730 0.0830046000 0.0631980000
31 31 (0) 8 : 0.000099964 0.0000999640 0.9305230000 0.0000999640 0.0000999640 0.0131672000 0.0559095000
32 32 (0) 8 : 0.000099955 0.0000999550 0.9438090000 0.0000999550 0.0000999550 0.0000999550 0.0556915000
33 33 (0) 9 : 0.028147100 0.0027827700 0.2620990000 0.0000999820 0.0000999820 0.6815330000 0.0252379000
34 34 (0) 9 : 0.011528500 0.0000999640 0.2550720000 0.0000999640 0.0000999640 0.7330000000 0.0000999640
35 35 (0) 9 : 0.010929600 0.0000999639 0.2755940000 0.0000999639 0.0000999639 0.7130760000 0.0000999639
36 36 (0) 9 : 0.000099973 0.0305548000 0.2749980000 0.0000999730 0.0000999730 0.6808450000 0.0133018000
37 37 (0) 10 : 0.022472300 0.0432833000 0.0393502000 0.0112833000 0.2028960000 0.0000999910 0.6806150000
38 38 (0) 10 : 0.000099955 0.0000999550 0.0000999550 0.0000999550 0.2618270000 0.0000999550 0.7376730000
39 39 (0) 10 : 0.021058100 0.0072410200 0.0492158000 0.0000999910 0.2384210000 0.0218768000 0.6620870000
40 40 (0) 10 : 0.000099982 0.0000999820 0.0001044510 0.0012238500 0.2480660000 0.0142139000 0.7361920000
41 41 (0) 11 : 0.000099964 0.0000999640 0.0610648000 0.0000999640 0.0040191500 0.0000999640 0.9345160000
42 42 (0) 11 : 0.000099973 0.0026211900 0.1824590000 0.0000999730 0.0621900000 0.0000999730 0.7524300000
43 43 (0) 11 : 0.000099973 0.0000999730 0.1604420000 0.0000999730 0.0983807000 0.0291851000 0.7116920000
44 44 (0) 11 : 0.037788400 0.0137721000 0.1983380000 0.0280890000 0.0000999910 0.0566793000 0.6652330000
45 45 (0) 12 : 0.000099950 0.0000999500 0.0000999500 0.0000999500 0.0000999500 0.0000999500 0.9994000000
46 46 (0) 12 : 0.000099950 0.0000999500 0.0000999500 0.0000999500 0.0000999500 0.0000999500 0.9994000000
47 47 (0) 12 : 0.000099950 0.0000999500 0.0000999500 0.0000999500 0.0000999500 0.0000999500 0.9994000000
48 48 (0) 12 : 0.000099950 0.0000999500 0.0000999500 0.0000999500 0.0000999500 0.0000999500 0.9994000000
1 1 (0) 1 : 0.0000999820 0.0400821000 0.895822000 0.0101499000 0.0352348000 0.0000999820 0.018511400
2 2 (0) 1 : 0.0000999729 0.0498351000 0.908414000 0.0000999729 0.0258259000 0.0000999729 0.015625000
3 3 (0) 1 : 0.0000999500 0.0000999500 0.999400000 0.0000999500 0.0000999500 0.0000999500 0.000099950
4 4 (0) 1 : 0.0000999500 0.0000999500 0.999400000 0.0000999500 0.0000999500 0.0000999500 0.000099950
5 5 (0) 2 : 0.0000999640 0.0000999640 0.000099964 0.9815130000 0.0000999640 0.0166299000 0.001457180
6 6 (0) 2 : 0.0000999500 0.0000999500 0.000099950 0.9994000000 0.0000999500 0.0000999500 0.000099950
7 7 (0) 2 : 0.0000999640 0.0009844900 0.000099964 0.9965560000 0.0020600900 0.0000999640 0.000099964
8 8 (0) 2 : 0.0000999640 0.0225923000 0.000099964 0.9595120000 0.0000999640 0.0174956000 0.000099964
9 9 (0) 3 : 0.0000999500 0.0000999500 0.000099950 0.0000999500 0.9994000000 0.0000999500 0.000099950
10 10 (0) 3 : 0.0000999500 0.0000999500 0.000099950 0.0000999500 0.9994000000 0.0000999500 0.000099950
11 11 (0) 3 : 0.0000999500 0.0000999500 0.000099950 0.0000999500 0.9994000000 0.0000999500 0.000099950
12 12 (0) 3 : 0.0573170000 0.0659684000 0.056655200 0.0398194000 0.7589240000 0.0099422300 0.011373800
13 13 (0) 4 : 0.0000999730 0.7908330000 0.160348000 0.0395957000 0.0089239900 0.0000999730 0.000099973
14 14 (0) 4 : 0.0000999500 0.9994000000 0.000099950 0.0000999500 0.0000999500 0.0000999500 0.000099950
15 15 (0) 4 : 0.0000999550 0.9067610000 0.092739100 0.0000999550 0.0000999550 0.0000999550 0.000099955
16 16 (0) 4 : 0.0000999500 0.9994000000 0.000099950 0.0000999500 0.0000999500 0.0000999500 0.000099950
17 17 (0) 5 : 0.0000999500 0.0000999500 0.000099950 0.0000999500 0.0000999500 0.0000999500 0.999400000
18 18 (0) 5 : 0.0000999550 0.0000999550 0.000475986 0.0000999550 0.0000999550 0.0000999550 0.999024000
19 19 (0) 5 : 0.0000999500 0.0000999500 0.000099950 0.0000999500 0.0000999500 0.0000999500 0.999400000
20 20 (0) 5 : 0.0000999730 0.0000999730 0.000099973 0.0108724000 0.0083906900 0.0043141500 0.976123000
21 21 (0) 6 : 0.9601520000 0.0000999639 0.016442500 0.0000999639 0.0000999639 0.0000999639 0.023005600
22 22 (0) 6 : 0.9994000000 0.0000999500 0.000099950 0.0000999500 0.0000999500 0.0000999500 0.000099950
23 23 (0) 6 : 0.9994000000 0.0000999500 0.000099950 0.0000999500 0.0000999500 0.0000999500 0.000099950
24 24 (0) 6 : 0.9994000000 0.0000999500 0.000099950 0.0000999500 0.0000999500 0.0000999500 0.000099950
25 25 (0) 7 : 0.6159550000 0.0000999800 0.059811800 0.0735396000 0.1861910000 0.0000999800 0.064302900
26 26 (0) 7 : 0.7268150000 0.0000999730 0.116644000 0.0609108000 0.0953302000 0.0000999730 0.000099973
27 27 (0) 7 : 0.7380800000 0.0000999730 0.079504700 0.0675649000 0.1145500000 0.0000999730 0.000099973
28 28 (0) 7 : 0.6049420000 0.0000999820 0.077879200 0.0456433000 0.2042980000 0.0000999820 0.067037300
29 29 (0) 8 : 0.8164070000 0.0152426000 0.000099964 0.0000999640 0.0000999640 0.1679500000 0.000099964
30 30 (0) 8 : 0.8596450000 0.0710457000 0.000436473 0.0000999820 0.0000999820 0.0477723000 0.020900300
31 31 (0) 8 : 0.9157670000 0.0112680000 0.000099964 0.0000999640 0.0000999640 0.0725652000 0.000099964
32 32 (0) 8 : 0.9433700000 0.0000999550 0.000099955 0.0000999550 0.0000999550 0.0561302000 0.000099955
33 33 (0) 9 : 0.2606200000 0.6767240000 0.000099982 0.0079209600 0.0000999820 0.0274124000 0.027122300
34 34 (0) 9 : 0.2457830000 0.7132120000 0.000099982 0.0147272000 0.0000999820 0.0065673500 0.019511000
35 35 (0) 9 : 0.2524970000 0.7060960000 0.000099982 0.0218745000 0.0000999820 0.0133216000 0.006010890
36 36 (0) 9 : 0.2928220000 0.6717490000 0.000099964 0.0350290000 0.0000999640 0.0000999640 0.000099964
37 37 (0) 10 : 0.0297468000 0.0126176000 0.182914000 0.0150969000 0.0265764000 0.7062730000 0.026776300
38 38 (0) 10 : 0.0000999550 0.0000999550 0.219636000 0.0000999550 0.0000999550 0.7798650000 0.000099955
39 39 (0) 10 : 0.0338587000 0.0151405000 0.210608000 0.0000999910 0.0292087000 0.7060000000 0.005083480
40 40 (0) 10 : 0.0000999640 0.0000999640 0.210611000 0.0000999640 0.0000999640 0.7772230000 0.011766900
41 41 (0) 11 : 0.0450422000 0.0000999640 0.000099964 0.0000999640 0.0000999640 0.9464730000 0.008085280
42 42 (0) 11 : 0.1717800000 0.0074210900 0.083653500 0.0000999730 0.0000999730 0.7368450000 0.000099973
43 43 (0) 11 : 0.1677260000 0.0232506000 0.084245000 0.0013387600 0.0060724100 0.7172670000 0.000099991
44 44 (0) 11 : 0.1730090000 0.0511129000 0.004288140 0.0144061000 0.0228633000 0.7030000000 0.031320600
45 45 (0) 12 : 0.0000999500 0.0000999500 0.000099950 0.0000999500 0.0000999500 0.9994000000 0.000099950
46 46 (0) 12 : 0.0000999500 0.0000999500 0.000099950 0.0000999500 0.0000999500 0.9994000000 0.000099950
47 47 (0) 12 : 0.0000999500 0.0000999500 0.000099950 0.0000999500 0.0000999500 0.9994000000 0.000099950
48 48 (0) 12 : 0.0000999500 0.0000999500 0.000099950 0.0000999500 0.0000999500 0.9994000000 0.000099950
1 1 (0) 1 : 0.0000999729 0.0000999729 0.904736000 0.022393200 0.0285630000 0.0000999729 0.0440077000
2 2 (0) 1 : 0.0000999729 0.0000999729 0.904046000 0.021496500 0.0279003000 0.0000999729 0.0462576000
3 3 (0) 1 : 0.0000999500 0.0000999500 0.999400000 0.000099950 0.0000999500 0.0000999500 0.0000999500
4 4 (0) 1 : 0.0000999500 0.0000999500 0.999400000 0.000099950 0.0000999500 0.0000999500 0.0000999500
5 5 (0) 2 : 0.0000999640 0.0155542000 0.000099964 0.000099964 0.0000999640 0.9777020000 0.0063442800
6 6 (0) 2 : 0.0000999550 0.0000999550 0.000099955 0.000099955 0.0113016000 0.9881990000 0.0000999550
7 7 (0) 2 : 0.0000999500 0.0000999500 0.000099950 0.000099950 0.0000999500 0.9994000000 0.0000999500
8 8 (0) 2 : 0.0000999600 0.0125055000 0.000099960 0.000099960 0.0000999600 0.9560230000 0.0310712000
9 9 (0) 3 : 0.0000999500 0.0000999500 0.000099950 0.000099950 0.9994000000 0.0000999500 0.0000999500
10 10 (0) 3 : 0.0000999500 0.0000999500 0.000099950 0.000099950 0.9994000000 0.0000999500 0.0000999500
11 11 (0) 3 : 0.0000999500 0.0000999500 0.000099950 0.000099950 0.9994000000 0.0000999500 0.0000999500
12 12 (0) 3 : 0.0411539000 0.0116585000 0.057202700 0.016501900 0.7540440000 0.0477237000 0.0717155000
13 13 (0) 4 : 0.0000999700 0.0000999700 0.147042000 0.000099970 0.0143843000 0.0398816000 0.7983920000
14 14 (0) 4 : 0.0000999500 0.0000999500 0.000099950 0.000099950 0.0000999500 0.0000999500 0.9994000000
15 15 (0) 4 : 0.0000999600 0.0000999600 0.090172000 0.000099960 0.0050274000 0.0000999600 0.9044010000
16 16 (0) 4 : 0.0000999500 0.0000999500 0.000099950 0.000099950 0.0000999500 0.0000999500 0.9994000000
17 17 (0) 5 : 0.0050860500 0.0000999550 0.000099955 0.994414000 0.0000999550 0.0000999550 0.0000999550
18 18 (0) 5 : 0.0000999550 0.0000999550 0.000099955 0.994423000 0.0000999550 0.0000999550 0.0050773400
19 19 (0) 5 : 0.0000999500 0.0000999500 0.000099950 0.999400000 0.0000999500 0.0000999500 0.0000999500
20 20 (0) 5 : 0.0000999730 0.0186079000 0.000099973 0.972298000 0.0000999730 0.0086353200 0.0001588900
21 21 (0) 6 : 0.9533270000 0.0100473000 0.022146100 0.014179400 0.0000999729 0.0000999729 0.0000999729
22 22 (0) 6 : 0.9923820000 0.0000999550 0.000099955 0.007118120 0.0000999550 0.0000999550 0.0000999550
23 23 (0) 6 : 0.9994000000 0.0000999500 0.000099950 0.000099950 0.0000999500 0.0000999500 0.0000999500
24 24 (0) 6 : 0.9975790000 0.0000999550 0.001921280 0.000099955 0.0000999550 0.0000999550 0.0000999550
25 25 (0) 7 : 0.6339660000 0.0000999800 0.073015200 0.060472200 0.1714430000 0.0609037000 0.0000999800
26 26 (0) 7 : 0.7234640000 0.0000999730 0.129094000 0.000099973 0.0882817000 0.0588603000 0.0000999730
27 27 (0) 7 : 0.7491390000 0.0000999730 0.091225200 0.000099973 0.0974786000 0.0618574000 0.0000999730
28 28 (0) 7 : 0.6054140000 0.0000999820 0.081228100 0.067303700 0.1938500000 0.0520046000 0.0000999820
29 29 (0) 8 : 0.8146180000 0.1483680000 0.000099973 0.002399430 0.0000999730 0.0000999730 0.0343144000
30 30 (0) 8 : 0.8697960000 0.0509128000 0.000099973 0.004567230 0.0000999730 0.0000999730 0.0744236000
31 31 (0) 8 : 0.9164780000 0.0702416000 0.000099964 0.000099964 0.0000999640 0.0000999640 0.0128803000
32 32 (0) 8 : 0.9565780000 0.0429220000 0.000099955 0.000099955 0.0000999550 0.0000999550 0.0000999550
33 33 (0) 9 : 0.2938910000 0.0061709200 0.000099980 0.020957200 0.0000999800 0.0010937200 0.6776870000
34 34 (0) 9 : 0.2390310000 0.0071120100 0.000099973 0.004680790 0.0000999730 0.0000999730 0.7488760000
35 35 (0) 9 : 0.2681970000 0.0000999730 0.000099973 0.014362600 0.0000999730 0.0062441300 0.7108960000
36 36 (0) 9 : 0.2909510000 0.0063340800 0.000099982 0.003959050 0.0000999820 0.0355753000 0.6629810000
37 37 (0) 10 : 0.0473328000 0.7002530000 0.177940000 0.013235900 0.0407733000 0.0094340700 0.0110305000
38 38 (0) 10 : 0.0000999640 0.7663310000 0.233102000 0.000099964 0.0001671500 0.0000999640 0.0000999640
39 39 (0) 10 : 0.0543919000 0.6749880000 0.225136000 0.000099982 0.0108902000 0.0000999820 0.0343946000
40 40 (0) 10 : 0.0000999640 0.7584050000 0.236440000 0.000099964 0.0000999640 0.0000999640 0.0047544400
41 41 (0) 11 : 0.0636872000 0.9317980000 0.003270320 0.000944844 0.0000999730 0.0000999730 0.0000999730
42 42 (0) 11 : 0.1796950000 0.7587360000 0.061169100 0.000099964 0.0000999640 0.0000999640 0.0000999640
43 43 (0) 11 : 0.1890510000 0.7270260000 0.066401400 0.000099982 0.0000999820 0.0163753000 0.0009460500
44 44 (0) 11 : 0.1774460000 0.6914740000 0.000099990 0.043475900 0.0257065000 0.0287906000 0.0330067000
45 45 (0) 12 : 0.0000999500 0.9994000000 0.000099950 0.000099950 0.0000999500 0.0000999500 0.0000999500
46 46 (0) 12 : 0.0000999500 0.9994000000 0.000099950 0.000099950 0.0000999500 0.0000999500 0.0000999500
47 47 (0) 12 : 0.0000999500 0.9994000000 0.000099950 0.000099950 0.0000999500 0.0000999500 0.0000999500
48 48 (0) 12 : 0.0000999500 0.9994000000 0.000099950 0.000099950 0.0000999500 0.0000999500 0.0000999500
1 1 (0) 1 : 0.0119746000 0.8953560000 0.0000999729 0.0531986000 0.0391707000 0.0000999729 0.0000999729
2 2 (0) 1 : 0.0078501000 0.9150550000 0.0000999729 0.0578007000 0.0189943000 0.0000999729 0.0000999729
3 3 (0) 1 : 0.0000999500 0.9994000000 0.0000999500 0.0000999500 0.0000999500 0.0000999500 0.0000999500
4 4 (0) 1 : 0.0000999500 0.9994000000 0.0000999500 0.0000999500 0.0000999500 0.0000999500 0.0000999500
5 5 (0) 2 : 0.0043342900 0.0000999730 0.0087314500 0.0242187000 0.0000999730 0.0000999730 0.9624160000
6 6 (0) 2 : 0.0000999500 0.0000999500 0.0000999500 0.0000999500 0.0000999500 0.0000999500 0.9994000000
7 7 (0) 2 : 0.0000999500 0.0000999500 0.0000999500 0.0000999500 0.0000999500 0.0000999500 0.9994000000
8 8 (0) 2 : 0.0000999550 0.0000999550 0.0000999550 0.0410414000 0.0000999550 0.0000999550 0.9584590000
9 9 (0) 3 : 0.0000999500 0.0000999500 0.0000999500 0.0000999500 0.9994000000 0.0000999500 0.0000999500
10 10 (0) 3 : 0.0000999500 0.0000999500 0.0000999500 0.0000999500 0.9994000000 0.0000999500 0.0000999500
11 11 (0) 3 : 0.0000999500 0.0000999500 0.0000999500 0.0000999500 0.9994000000 0.0000999500 0.0000999500
12 12 (0) 3 : 0.0241649000 0.0504327000 0.0121710000 0.0560384000 0.7784520000 0.0416018000 0.0371394000
13 13 (0) 4 : 0.0000999730 0.1708500000 0.0000999730 0.7885280000 0.0055155300 0.0000999730 0.0348070000
14 14 (0) 4 : 0.0000999500 0.0000999500 0.0000999500 0.9994000000 0.0000999500 0.0000999500 0.0000999500
15 15 (0) 4 : 0.0000999549 0.1181940000 0.0000999549 0.8813060000 0.0000999549 0.0000999549 0.0000999549
16 16 (0) 4 : 0.0000999500 0.0000999500 0.0000999500 0.9994000000 0.0000999500 0.0000999500 0.0000999500
17 17 (0) 5 : 0.9994000000 0.0000999500 0.0000999500 0.0000999500 0.0000999500 0.0000999500 0.0000999500
18 18 (0) 5 : 0.9979890000 0.0000999550 0.0000999550 0.0015113200 0.0000999550 0.0000999550 0.0000999550
19 19 (0) 5 : 0.9994000000 0.0000999500 0.0000999500 0.0000999500 0.0000999500 0.0000999500 0.0000999500
20 20 (0) 5 : 0.9812730000 0.0000999730 0.0040678900 0.0041742400 0.0000999730 0.0000999730 0.0101854000
21 21 (0) 6 : 0.0098536900 0.0174381000 0.0000999639 0.0000999639 0.0000999639 0.9723080000 0.0000999639
22 22 (0) 6 : 0.0000999500 0.0000999500 0.0000999500 0.0000999500 0.0000999500 0.9994000000 0.0000999500
23 23 (0) 6 : 0.0000999500 0.0000999500 0.0000999500 0.0000999500 0.0000999500 0.9994000000 0.0000999500
24 24 (0) 6 : 0.0000999640 0.0037381300 0.0000999640 0.0000999640 0.0010173100 0.9948450000 0.0000999640
25 25 (0) 7 : 0.0571253000 0.0634987000 0.0000999800 0.0000999800 0.1761540000 0.6519410000 0.0510806000
26 26 (0) 7 : 0.0000999730 0.1408190000 0.0000999730 0.0000999730 0.0887327000 0.7154760000 0.0546724000
27 27 (0) 7 : 0.0036064100 0.1061810000 0.0000999820 0.0000999820 0.1046850000 0.7027440000 0.0825848000
28 28 (0) 7 : 0.0659422000 0.0818856000 0.0033456400 0.0000999910 0.1857270000 0.6151520000 0.0478478000
29 29 (0) 8 : 0.0067302900 0.0000999730 0.1576560000 0.0231213000 0.0000999730 0.8121920000 0.0000999730
30 30 (0) 8 : 0.0140859000 0.0000999730 0.0387965000 0.0683444000 0.0000999730 0.8784730000 0.0000999730
31 31 (0) 8 : 0.0000999640 0.0000999640 0.0477840000 0.0157921000 0.0000999640 0.9360240000 0.0000999640
32 32 (0) 8 : 0.0000999550 0.0000999550 0.0342423000 0.0000999550 0.0000999550 0.9652580000 0.0000999550
33 33 (0) 9 : 0.0071075600 0.0000999730 0.0249746000 0.7197650000 0.0000999730 0.2478530000 0.0000999730
34 34 (0) 9 : 0.0008859710 0.0000999640 0.0000999640 0.7542020000 0.0000999640 0.2445130000 0.0000999640
35 35 (0) 9 : 0.0025041000 0.0000999730 0.0066527200 0.7596850000 0.0000999730 0.2308580000 0.0000999730
36 36 (0) 9 : 0.0000999730 0.0000999730 0.0197683000 0.7106430000 0.0000999730 0.2546500000 0.0146393000
37 37 (0) 10 : 0.0228436000 0.1769170000 0.7096310000 0.0142962000 0.0301715000 0.0223935000 0.0237474000
38 38 (0) 10 : 0.0000999550 0.2361520000 0.7633480000 0.0000999550 0.0000999550 0.0000999550 0.0000999550
39 39 (0) 10 : 0.0038198000 0.2356620000 0.6788060000 0.0274796000 0.0050349100 0.0482951000 0.0009029280
40 40 (0) 10 : 0.0000999640 0.2381960000 0.7591920000 0.0000999640 0.0022117300 0.0000999640 0.0000999640
41 41 (0) 11 : 0.0000999640 0.0038006000 0.9451720000 0.0000999640 0.0000999640 0.0506272000 0.0000999640
42 42 (0) 11 : 0.0000999640 0.0756925000 0.7252730000 0.0000999640 0.0000999640 0.1986350000 0.0000999640
43 43 (0) 11 : 0.0000999700 0.0945106000 0.7248920000 0.0118610000 0.0000999700 0.1684370000 0.0000999700
44 44 (0) 11 : 0.0400352000 0.0050464500 0.7011360000 0.0531044000 0.0298884000 0.1695840000 0.0012053000
45 45 (0) 12 : 0.0000999549 0.0000999549 0.9944400000 0.0000999549 0.0000999549 0.0000999549 0.0050606700
46 46 (0) 12 : 0.0000999500 0.0000999500 0.9994000000 0.0000999500 0.0000999500 0.0000999500 0.0000999500
47 47 (0) 12 : 0.0000999500 0.0000999500 0.9994000000 0.0000999500 0.0000999500 0.0000999500 0.0000999500
48 48 (0) 12 : 0.0000999500 0.0000999500 0.9994000000 0.0000999500 0.0000999500 0.0000999500 0.0000999500
1 1 (0) 1 : 0.0000999820 0.039458200 0.0023724300 0.0272198000 0.0000999820 0.0024437300 0.9283060000
2 2 (0) 1 : 0.0000999820 0.047863400 0.0005296080 0.0254316000 0.0000999820 0.0141871000 0.9117880000
3 3 (0) 1 : 0.0000999500 0.000099950 0.0000999500 0.0000999500 0.0000999500 0.0000999500 0.9994000000
4 4 (0) 1 : 0.0000999500 0.000099950 0.0000999500 0.0000999500 0.0000999500 0.0000999500 0.9994000000
5 5 (0) 2 : 0.0058698100 0.005852300 0.9878780000 0.0000999640 0.0000999640 0.0000999640 0.0000999640
6 6 (0) 2 : 0.0000999500 0.000099950 0.9994000000 0.0000999500 0.0000999500 0.0000999500 0.0000999500
7 7 (0) 2 : 0.0000999500 0.000099950 0.9994000000 0.0000999500 0.0000999500 0.0000999500 0.0000999500
8 8 (0) 2 : 0.0000999550 0.044102800 0.9553970000 0.0000999550 0.0000999550 0.0000999550 0.0000999550
9 9 (0) 3 : 0.0000999500 0.000099950 0.0000999500 0.9994000000 0.0000999500 0.0000999500 0.0000999500
10 10 (0) 3 : 0.0000999500 0.000099950 0.0000999500 0.9994000000 0.0000999500 0.0000999500 0.0000999500
11 11 (0) 3 : 0.0000999500 0.000099950 0.0000999500 0.9994000000 0.0000999500 0.0000999500 0.0000999500
12 12 (0) 3 : 0.0085671000 0.063358300 0.0522570000 0.7776110000 0.0305279000 0.0110385000 0.0566399000
13 13 (0) 4 : 0.0000999729 0.792398000 0.0502039000 0.0146794000 0.0000999729 0.0000999729 0.1424180000
14 14 (0) 4 : 0.0000999500 0.999400000 0.0000999500 0.0000999500 0.0000999500 0.0000999500 0.0000999500
15 15 (0) 4 : 0.0000999550 0.898057000 0.0000999550 0.0000999550 0.0000999550 0.0000999550 0.1014430000
16 16 (0) 4 : 0.0000999500 0.999400000 0.0000999500 0.0000999500 0.0000999500 0.0000999500 0.0000999500
17 17 (0) 5 : 0.0000999500 0.000099950 0.0000999500 0.0000999500 0.0000999500 0.9994000000 0.0000999500
18 18 (0) 5 : 0.0000999500 0.000099950 0.0000999500 0.0000999500 0.0000999500 0.9994000000 0.0000999500
19 19 (0) 5 : 0.0000999500 0.000099950 0.0000999500 0.0000999500 0.0000999500 0.9994000000 0.0000999500
20 20 (0) 5 : 0.0064021800 0.000099982 0.0108002000 0.0000999820 0.0077706300 0.9739180000 0.0009093250
21 21 (0) 6 : 0.0083302200 0.000099973 0.0000999730 0.0000999730 0.9648850000 0.0238178000 0.0026672000
22 22 (0) 6 : 0.0006177460 0.000099964 0.0000999640 0.0000999640 0.9951410000 0.0038415900 0.0000999640
23 23 (0) 6 : 0.0000999500 0.000099950 0.0000999500 0.0000999500 0.9994000000 0.0000999500 0.0000999500
24 24 (0) 6 : 0.0000999550 0.000099955 0.0000999550 0.0000999550 0.9989810000 0.0000999550 0.0005196620
25 25 (0) 7 : 0.0000999820 0.000099982 0.0815170000 0.1721760000 0.6179710000 0.0627414000 0.0653950000
26 26 (0) 7 : 0.0000999730 0.000099973 0.0574559000 0.0778968000 0.7187480000 0.0000999730 0.1455990000
27 27 (0) 7 : 0.0000999820 0.000099982 0.0768318000 0.0950738000 0.7109710000 0.0053702100 0.1115530000
28 28 (0) 7 : 0.0011465200 0.000099991 0.0675215000 0.1712030000 0.6128210000 0.0815820000 0.0656262000
29 29 (0) 8 : 0.1363240000 0.026486400 0.0000999730 0.0000999730 0.8333880000 0.0035024300 0.0000999730
30 30 (0) 8 : 0.0611762000 0.073927800 0.0000999730 0.0000999730 0.8429740000 0.0216223000 0.0000999730
31 31 (0) 8 : 0.0525252000 0.004168500 0.0000999640 0.0000999640 0.9429060000 0.0000999640 0.0000999640
32 32 (0) 8 : 0.0362694000 0.000099955 0.0000999550 0.0000999550 0.9632310000 0.0000999550 0.0000999550
33 33 (0) 9 : 0.0103504000 0.710194000 0.0000999730 0.0000999730 0.2698530000 0.0093022400 0.0000999730
34 34 (0) 9 : 0.0128435000 0.763328000 0.0000999639 0.0000999639 0.2234290000 0.0000999639 0.0000999639
35 35 (0) 9 : 0.0000999639 0.723826000 0.0080238800 0.0000999639 0.2677510000 0.0000999639 0.0000999639
36 36 (0) 9 : 0.0098823200 0.694068000 0.0267188000 0.0000999730 0.2690310000 0.0000999730 0.0000999730
37 37 (0) 10 : 0.6747300000 0.016736000 0.0193787000 0.0153614000 0.0541946000 0.0321807000 0.1874190000
38 38 (0) 10 : 0.7591210000 0.000099955 0.0000999550 0.0000999550 0.0000999550 0.0000999550 0.2403790000
39 39 (0) 10 : 0.6771180000 0.042032600 0.0000999820 0.0030012200 0.0514712000 0.0000999820 0.2261770000
40 40 (0) 10 : 0.7450900000 0.000099955 0.0000999550 0.0000999550 0.0000999550 0.0000999550 0.2544100000
41 41 (0) 11 : 0.9254370000 0.000099964 0.0000999640 0.0000999640 0.0599429000 0.0142198000 0.0000999640
42 42 (0) 11 : 0.7394540000 0.015993500 0.0000999730 0.0000999730 0.1764170000 0.0000999730 0.0678358000
43 43 (0) 11 : 0.7273060000 0.015911100 0.0140589000 0.0000999820 0.1740570000 0.0000999820 0.0684665000
44 44 (0) 11 : 0.6980320000 0.040163800 0.0055374400 0.0522363000 0.1631060000 0.0408239000 0.0000999910
45 45 (0) 12 : 0.9994000000 0.000099950 0.0000999500 0.0000999500 0.0000999500 0.0000999500 0.0000999500
46 46 (0) 12 : 0.9994000000 0.000099950 0.0000999500 0.0000999500 0.0000999500 0.0000999500 0.0000999500
47 47 (0) 12 : 0.9994000000 0.000099950 0.0000999500 0.0000999500 0.0000999500 0.0000999500 0.0000999500
48 48 (0) 12 : 0.9994000000 0.000099950 0.0000999500 0.0000999500 0.0000999500 0.0000999500 0.0000999500
1 1 (0) 1 : 0.0188484000 0.0528856000 0.0000999729 0.0000999729 0.0000999729 0.0515856000 0.8763800000
2 2 (0) 1 : 0.0250203000 0.0624068000 0.0000999729 0.0000999729 0.0000999729 0.0319217000 0.8803510000
3 3 (0) 1 : 0.0000999500 0.0000999500 0.0000999500 0.0000999500 0.0000999500 0.0000999500 0.9994000000
4 4 (0) 1 : 0.0000999550 0.0000999550 0.0003345310 0.0000999550 0.0000999550 0.0000999550 0.9991660000
5 5 (0) 2 : 0.0000999640 0.0226769000 0.0000999640 0.9740750000 0.0028482000 0.0000999640 0.0000999640
6 6 (0) 2 : 0.0000999500 0.0000999500 0.0000999500 0.9994000000 0.0000999500 0.0000999500 0.0000999500
7 7 (0) 2 : 0.0000999500 0.0000999500 0.0000999500 0.9994000000 0.0000999500 0.0000999500 0.0000999500
8 8 (0) 2 : 0.0006698460 0.0497888000 0.0000999730 0.9462290000 0.0030120000 0.0000999730 0.0000999730
9 9 (0) 3 : 0.0000999500 0.0000999500 0.0000999500 0.0000999500 0.0000999500 0.9994000000 0.0000999500
10 10 (0) 3 : 0.0000999500 0.0000999500 0.0000999500 0.0000999500 0.0000999500 0.9994000000 0.0000999500
11 11 (0) 3 : 0.0000999500 0.0000999500 0.0000999500 0.0000999500 0.0000999500 0.9994000000 0.0000999500
12 12 (0) 3 : 0.0116512000 0.0869298000 0.0446543000 0.0503301000 0.0130935000 0.7489080000 0.0444329000
13 13 (0) 4 : 0.0000999729 0.7863670000 0.0000999729 0.0589802000 0.0000999729 0.0082925500 0.1460600000
14 14 (0) 4 : 0.0000999500 0.9994000000 0.0000999500 0.0000999500 0.0000999500 0.0000999500 0.0000999500
15 15 (0) 4 : 0.0000999640 0.9114050000 0.0000999640 0.0000999640 0.0000999640 0.0043576800 0.0838370000
16 16 (0) 4 : 0.0000999500 0.9994000000 0.0000999500 0.0000999500 0.0000999500 0.0000999500 0.0000999500
17 17 (0) 5 : 0.9994000000 0.0000999500 0.0000999500 0.0000999500 0.0000999500 0.0000999500 0.0000999500
18 18 (0) 5 : 0.9994000000 0.0000999500 0.0000999500 0.0000999500 0.0000999500 0.0000999500 0.0000999500
19 19 (0) 5 : 0.9994000000 0.0000999500 0.0000999500 0.0000999500 0.0000999500 0.0000999500 0.0000999500
20 20 (0) 5 : 0.9824790000 0.0068338000 0.0000999640 0.0102876000 0.0000999640 0.0000999640 0.0000999640
21 21 (0) 6 : 0.0092780300 0.0000999639 0.9714290000 0.0000999639 0.0000999639 0.0000999639 0.0188933000
22 22 (0) 6 : 0.0049598100 0.0000999549 0.9945400000 0.0000999549 0.0000999549 0.0000999549 0.0000999549
23 23 (0) 6 : 0.0000999500 0.0000999500 0.9994000000 0.0000999500 0.0000999500 0.0000999500 0.0000999500
24 24 (0) 6 : 0.0000999550 0.0000999550 0.9896910000 0.0000999550 0.0000999550 0.0000999550 0.0098089500
25 25 (0) 7 : 0.0570985000 0.0000999800 0.6313970000 0.0801650000 0.0000999800 0.1623140000 0.0688250000
26 26 (0) 7 : 0.0000999730 0.0000999730 0.7252610000 0.0608470000 0.0000999730 0.0968718000 0.1167210000
27 27 (0) 7 : 0.0010774700 0.0000999820 0.7305190000 0.0782779000 0.0000999820 0.1030010000 0.0869243000
28 28 (0) 7 : 0.0806650000 0.0000999820 0.5939760000 0.0547504000 0.0000999820 0.1875910000 0.0828173000
29 29 (0) 8 : 0.0000999640 0.0323370000 0.8400680000 0.0000999640 0.1271950000 0.0000999640 0.0000999640
30 30 (0) 8 : 0.0113294000 0.0720045000 0.8639940000 0.0000999730 0.0523725000 0.0000999730 0.0000999730
31 31 (0) 8 : 0.0000999640 0.0114089000 0.9439100000 0.0000999640 0.0442817000 0.0000999640 0.0000999640
32 32 (0) 8 : 0.0000999550 0.0000999550 0.9584450000 0.0000999550 0.0410551000 0.0000999550 0.0000999550
33 33 (0) 9 : 0.0141975000 0.6968260000 0.2653340000 0.0000999730 0.0233423000 0.0000999730 0.0000999730
34 34 (0) 9 : 0.0000999640 0.7277140000 0.2592440000 0.0000999640 0.0126416000 0.0000999640 0.0000999640
35 35 (0) 9 : 0.0124808000 0.7277690000 0.2478570000 0.0000999730 0.0115930000 0.0000999730 0.0000999730
36 36 (0) 9 : 0.0000999730 0.7148350000 0.2392990000 0.0209165000 0.0246497000 0.0000999730 0.0000999730
37 37 (0) 10 : 0.0173975000 0.0000999910 0.0611101000 0.0264930000 0.6984270000 0.0123142000 0.1841580000
38 38 (0) 10 : 0.0000999550 0.0000999550 0.0000999550 0.0000999550 0.7715480000 0.0000999550 0.2279520000
39 39 (0) 10 : 0.0000999820 0.0000999820 0.0322959000 0.0164694000 0.6986090000 0.0061492400 0.2462770000
40 40 (0) 10 : 0.0000999550 0.0000999550 0.0000999550 0.0000999550 0.7363280000 0.0000999550 0.2631730000
41 41 (0) 11 : 0.0023565600 0.0000999730 0.0499798000 0.0000999730 0.9343980000 0.0000999730 0.0129653000
42 42 (0) 11 : 0.0000999820 0.0086488700 0.1871610000 0.0015641600 0.7383830000 0.0000999820 0.0640432000
43 43 (0) 11 : 0.0000999820 0.0048843400 0.1732050000 0.0119382000 0.7451660000 0.0000999820 0.0646068000
44 44 (0) 11 : 0.0262344000 0.0664287000 0.1809820000 0.0000999910 0.6754070000 0.0499431000 0.0009047510
45 45 (0) 12 : 0.0000999500 0.0000999500 0.0000999500 0.0000999500 0.9994000000 0.0000999500 0.0000999500
46 46 (0) 12 : 0.0000999500 0.0000999500 0.0000999500 0.0000999500 0.9994000000 0.0000999500 0.0000999500
47 47 (0) 12 : 0.0000999500 0.0000999500 0.0000999500 0.0000999500 0.9994000000 0.0000999500 0.0000999500
48 48 (0) 12 : 0.0000999500 0.0000999500 0.0000999500 0.0000999500 0.9994000000 0.0000999500 0.0000999500
1 1 (0) 1 : 0.0180986000 0.0000999729 0.880894000 0.055784600 0.0000999729 0.0000999729 0.0449233000
2 2 (0) 1 : 0.0207349000 0.0000999729 0.882365000 0.050151200 0.0000999729 0.0000999729 0.0464489000
3 3 (0) 1 : 0.0000999500 0.0000999500 0.999400000 0.000099950 0.0000999500 0.0000999500 0.0000999500
4 4 (0) 1 : 0.0000999500 0.0000999500 0.999400000 0.000099950 0.0000999500 0.0000999500 0.0000999500
5 5 (0) 2 : 0.0000999640 0.0000999640 0.000099964 0.020638700 0.0111470000 0.9678140000 0.0000999640
6 6 (0) 2 : 0.0000999500 0.0000999500 0.000099950 0.000099950 0.0000999500 0.9994000000 0.0000999500
7 7 (0) 2 : 0.0000999500 0.0000999500 0.000099950 0.000099950 0.0000999500 0.9994000000 0.0000999500
8 8 (0) 2 : 0.0012082900 0.0000999730 0.000099973 0.025588900 0.0110850000 0.9618180000 0.0000999730
9 9 (0) 3 : 0.0000999500 0.0000999500 0.000099950 0.000099950 0.0000999500 0.0000999500 0.9994000000
10 10 (0) 3 : 0.0000999500 0.0000999500 0.000099950 0.000099950 0.0000999500 0.0000999500 0.9994000000
11 11 (0) 3 : 0.0000999500 0.0000999500 0.000099950 0.000099950 0.0000999500 0.0000999500 0.9994000000
12 12 (0) 3 : 0.0175932000 0.0535373000 0.040423100 0.073659900 0.0158952000 0.0395046000 0.7593870000
13 13 (0) 4 : 0.0088205100 0.0000999820 0.139703000 0.777881000 0.0000999820 0.0595623000 0.0138337000
14 14 (0) 4 : 0.0000999500 0.0000999500 0.000099950 0.999400000 0.0000999500 0.0000999500 0.0000999500
15 15 (0) 4 : 0.0000999549 0.0000999549 0.123653000 0.875848000 0.0000999549 0.0000999549 0.0000999549
16 16 (0) 4 : 0.0000999500 0.0000999500 0.000099950 0.999400000 0.0000999500 0.0000999500 0.0000999500
17 17 (0) 5 : 0.9977560000 0.0017446500 0.000099955 0.000099955 0.0000999550 0.0000999550 0.0000999550
18 18 (0) 5 : 0.9994000000 0.0000999500 0.000099950 0.000099950 0.0000999500 0.0000999500 0.0000999500
19 19 (0) 5 : 0.9994000000 0.0000999500 0.000099950 0.000099950 0.0000999500 0.0000999500 0.0000999500
20 20 (0) 5 : 0.9816790000 0.0000999640 0.000099964 0.000099964 0.0134923000 0.0044292300 0.0000999640
21 21 (0) 6 : 0.0190882000 0.9391860000 0.019417100 0.000099973 0.0220083000 0.0000999730 0.0000999730
22 22 (0) 6 : 0.0031453800 0.9963550000 0.000099955 0.000099955 0.0000999550 0.0000999550 0.0000999550
23 23 (0) 6 : 0.0000999500 0.9994000000 0.000099950 0.000099950 0.0000999500 0.0000999500 0.0000999500
24 24 (0) 6 : 0.0000999500 0.9994000000 0.000099950 0.000099950 0.0000999500 0.0000999500 0.0000999500
25 25 (0) 7 : 0.0548946000 0.6351110000 0.068892500 0.000099982 0.0000999820 0.0733781000 0.1675240000
26 26 (0) 7 : 0.0000999730 0.7231670000 0.124141000 0.000099973 0.0000999730 0.0453699000 0.1070220000
27 27 (0) 7 : 0.0000999730 0.7352170000 0.101732000 0.000099973 0.0000999730 0.0560605000 0.1066900000
28 28 (0) 7 : 0.0744859000 0.5997940000 0.063937400 0.000099982 0.0000999820 0.0557199000 0.2058630000
29 29 (0) 8 : 0.0186801000 0.8358950000 0.000099973 0.024393500 0.1207310000 0.0000999730 0.0000999730
30 30 (0) 8 : 0.0129143000 0.8716800000 0.000099973 0.073255000 0.0418512000 0.0000999730 0.0000999730
31 31 (0) 8 : 0.0000999640 0.9281580000 0.000099964 0.008545910 0.0628960000 0.0000999640 0.0000999640
32 32 (0) 8 : 0.0000999550 0.9555340000 0.000099955 0.000099955 0.0439662000 0.0000999550 0.0000999550
33 33 (0) 9 : 0.0089382400 0.2331970000 0.000099973 0.727392000 0.0301734000 0.0000999730 0.0000999730
34 34 (0) 9 : 0.0000999640 0.2208750000 0.000099964 0.777754000 0.0009707400 0.0000999640 0.0000999640
35 35 (0) 9 : 0.0171310000 0.2367170000 0.000099973 0.744548000 0.0013037300 0.0000999730 0.0000999730
36 36 (0) 9 : 0.0000999730 0.2407340000 0.000099973 0.710330000 0.0199605000 0.0286758000 0.0000999730
37 37 (0) 10 : 0.0221226000 0.0596660000 0.202391000 0.000099991 0.6771500000 0.0234160000 0.0151544000
38 38 (0) 10 : 0.0000999640 0.0000999640 0.250562000 0.000099964 0.7483880000 0.0006503820 0.0000999640
39 39 (0) 10 : 0.0086617000 0.0545048000 0.225727000 0.015261800 0.6796370000 0.0064282700 0.0097796500
40 40 (0) 10 : 0.0000999640 0.0000999640 0.245074000 0.000099964 0.7430480000 0.0000999640 0.0114781000
41 41 (0) 11 : 0.0035432400 0.0555255000 0.011357200 0.000099973 0.9292740000 0.0000999730 0.0000999730
42 42 (0) 11 : 0.0000999730 0.2014670000 0.066701300 0.017873100 0.7136590000 0.0000999730 0.0000999730
43 43 (0) 11 : 0.0000999820 0.1875520000 0.077073100 0.013432000 0.7168800000 0.0000999820 0.0048627900
44 44 (0) 11 : 0.0346856000 0.2050700000 0.000099991 0.057613200 0.6660740000 0.0057457400 0.0307122000
45 45 (0) 12 : 0.0000999500 0.0000999500 0.000099950 0.000099950 0.9994000000 0.0000999500 0.0000999500
46 46 (0) 12 : 0.0000999500 0.0000999500 0.000099950 0.000099950 0.9994000000 0.0000999500 0.0000999500
47 47 (0) 12 : 0.0000999500 0.0000999500 0.000099950 0.000099950 0.9994000000 0.0000999500 0.0000999500
48 48 (0) 12 : 0.0000999500 0.0000999500 0.000099950 0.000099950 0.9994000000 0.0000999500 0.0000999500
1 1 (0) 1 : 0.017443400 0.0349201000 0.000099982 0.0025585500 0.0000999820 0.8979030000 0.0469748000
2 2 (0) 1 : 0.034319600 0.0111019000 0.000099982 0.0056874100 0.0000999820 0.8893430000 0.0593486000
3 3 (0) 1 : 0.000099950 0.0000999500 0.000099950 0.0000999500 0.0000999500 0.9994000000 0.0000999500
4 4 (0) 1 : 0.000099950 0.0000999500 0.000099950 0.0000999500 0.0000999500 0.9994000000 0.0000999500
5 5 (0) 2 : 0.000099964 0.0000999640 0.000099964 0.9681180000 0.0266028000 0.0000999640 0.0048797000
6 6 (0) 2 : 0.000099950 0.0000999500 0.000099950 0.9994000000 0.0000999500 0.0000999500 0.0000999500
7 7 (0) 2 : 0.000099950 0.0000999500 0.000099950 0.9994000000 0.0000999500 0.0000999500 0.0000999500
8 8 (0) 2 : 0.000099955 0.0000999550 0.000099955 0.9666430000 0.0000999550 0.0000999550 0.0328574000
9 9 (0) 3 : 0.000099950 0.9994000000 0.000099950 0.0000999500 0.0000999500 0.0000999500 0.0000999500
10 10 (0) 3 : 0.000099950 0.9994000000 0.000099950 0.0000999500 0.0000999500 0.0000999500 0.0000999500
11 11 (0) 3 : 0.000099950 0.9994000000 0.000099950 0.0000999500 0.0000999500 0.0000999500 0.0000999500
12 12 (0) 3 : 0.015146800 0.7514530000 0.028374700 0.0590633000 0.0113333000 0.0453570000 0.0892715000
13 13 (0) 4 : 0.000099973 0.0015640000 0.000099973 0.0368969000 0.0000999730 0.1614240000 0.7998160000
14 14 (0) 4 : 0.000099950 0.0000999500 0.000099950 0.0000999500 0.0000999500 0.0000999500 0.9994000000
15 15 (0) 4 : 0.000099955 0.0000999550 0.000099955 0.0000999550 0.0000999550 0.0977939000 0.9017060000
16 16 (0) 4 : 0.000099950 0.0000999500 0.000099950 0.0000999500 0.0000999500 0.0000999500 0.9994000000
17 17 (0) 5 : 0.999400000 0.0000999500 0.000099950 0.0000999500 0.0000999500 0.0000999500 0.0000999500
18 18 (0) 5 : 0.998606000 0.0000999550 0.000099955 0.0000999550 0.0000999550 0.0000999550 0.0008941080
19 19 (0) 5 : 0.999400000 0.0000999500 0.000099950 0.0000999500 0.0000999500 0.0000999500 0.0000999500
20 20 (0) 5 : 0.985233000 0.0000999640 0.000099964 0.0000999640 0.0102871000 0.0000999640 0.0040795300
21 21 (0) 6 : 0.016516200 0.0000999730 0.964581000 0.0000999730 0.0122052000 0.0063977400 0.0000999730
22 22 (0) 6 : 0.009498700 0.0000999549 0.990002000 0.0000999549 0.0000999549 0.0000999549 0.0000999549
23 23 (0) 6 : 0.000099950 0.0000999500 0.999400000 0.0000999500 0.0000999500 0.0000999500 0.0000999500
24 24 (0) 6 : 0.000099950 0.0000999500 0.999400000 0.0000999500 0.0000999500 0.0000999500 0.0000999500
25 25 (0) 7 : 0.055896200 0.1634450000 0.633774000 0.0605940000 0.0000999800 0.0860914000 0.0000999800
26 26 (0) 7 : 0.000099973 0.0926227000 0.732627000 0.0689583000 0.0000999730 0.1054920000 0.0000999730
27 27 (0) 7 : 0.001049480 0.1026820000 0.729492000 0.0815400000 0.0000999820 0.0850364000 0.0000999820
28 28 (0) 7 : 0.066499800 0.1765920000 0.600766000 0.0463243000 0.0000999820 0.1096180000 0.0000999820
29 29 (0) 8 : 0.007459560 0.0000999730 0.807748000 0.0000999730 0.1443410000 0.0000999730 0.0401512000
30 30 (0) 8 : 0.008473720 0.0000999730 0.848477000 0.0000999730 0.0370886000 0.0000999730 0.1056610000
31 31 (0) 8 : 0.000099964 0.0000999640 0.958704000 0.0000999640 0.0342812000 0.0000999640 0.0066152200
32 32 (0) 8 : 0.000099950 0.0000999500 0.967232000 0.0000999500 0.0322687000 0.0000999500 0.0000999500
33 33 (0) 9 : 0.009945930 0.0000999820 0.261972000 0.0024334000 0.0264797000 0.0000999820 0.6989690000
34 34 (0) 9 : 0.003657490 0.0000999730 0.226245000 0.0000999730 0.0099853000 0.0000999730 0.7598120000
35 35 (0) 9 : 0.005371370 0.0000999640 0.251001000 0.0000999640 0.0000999640 0.0000999640 0.7432280000
36 36 (0) 9 : 0.000099973 0.0000999730 0.260346000 0.0297391000 0.0070254400 0.0000999730 0.7025900000
37 37 (0) 10 : 0.006482920 0.0184668000 0.028868300 0.0058791300 0.7102370000 0.2165880000 0.0134786000
38 38 (0) 10 : 0.000099964 0.0000999640 0.000099964 0.0000999640 0.7314250000 0.2671110000 0.0010640000
39 39 (0) 10 : 0.000764605 0.0104118000 0.055508800 0.0000999910 0.6579830000 0.2313050000 0.0439265000
40 40 (0) 10 : 0.000099955 0.0000999550 0.000099955 0.0000999550 0.7368200000 0.2626800000 0.0000999550
41 41 (0) 11 : 0.000099964 0.0000999640 0.043449100 0.0000999640 0.9462000000 0.0099511300 0.0000999640
42 42 (0) 11 : 0.000099970 0.0000999700 0.179256000 0.0000999700 0.7224910000 0.0771069000 0.0208462000
43 43 (0) 11 : 0.000099973 0.0000999730 0.169193000 0.0000999730 0.7123360000 0.0946077000 0.0235638000
44 44 (0) 11 : 0.037449000 0.0439762000 0.174424000 0.0099981700 0.6854170000 0.0000999910 0.0486357000
45 45 (0) 12 : 0.000099950 0.0000999500 0.000099950 0.0000999500 0.9994000000 0.0000999500 0.0000999500
46 46 (0) 12 : 0.000099950 0.0000999500 0.000099950 0.0000999500 0.9994000000 0.0000999500 0.0000999500
47 47 (0) 12 : 0.000099950 0.0000999500 0.000099950 0.0000999500 0.9994000000 0.0000999500 0.0000999500
48 48 (0) 12 : 0.000099950 0.0000999500 0.000099950 0.0000999500 0.9994000000 0.0000999500 0.0000999500
1 1 (0) 1 : 0.044361100 0.0159899000 0.0000999729 0.0000999729 0.890710000 0.0000999729 0.048639600
2 2 (0) 1 : 0.028291300 0.0164261000 0.0000999729 0.0000999729 0.898921000 0.0000999729 0.056061500
3 3 (0) 1 : 0.000099950 0.0000999500 0.0000999500 0.0000999500 0.999400000 0.0000999500 0.000099950
4 4 (0) 1 : 0.000099950 0.0000999500 0.0000999500 0.0000999500 0.999400000 0.0000999500 0.000099950
5 5 (0) 2 : 0.000099964 0.0000999640 0.0000999640 0.0105406000 0.000099964 0.9692910000 0.019768800
6 6 (0) 2 : 0.000099950 0.0000999500 0.0000999500 0.0000999500 0.000099950 0.9994000000 0.000099950
7 7 (0) 2 : 0.000099950 0.0000999500 0.0000999500 0.0000999500 0.000099950 0.9994000000 0.000099950
8 8 (0) 2 : 0.000099973 0.0004393970 0.0000999730 0.0036798000 0.000099973 0.9506010000 0.044979800
9 9 (0) 3 : 0.999400000 0.0000999500 0.0000999500 0.0000999500 0.000099950 0.0000999500 0.000099950
10 10 (0) 3 : 0.999400000 0.0000999500 0.0000999500 0.0000999500 0.000099950 0.0000999500 0.000099950
11 11 (0) 3 : 0.999400000 0.0000999500 0.0000999500 0.0000999500 0.000099950 0.0000999500 0.000099950
12 12 (0) 3 : 0.747215000 0.0144337000 0.0452058000 0.0092451900 0.056145500 0.0533717000 0.074382600
13 13 (0) 4 : 0.026667200 0.0000999729 0.0000999729 0.0000999729 0.121147000 0.0643240000 0.787562000
14 14 (0) 4 : 0.000099950 0.0000999500 0.0000999500 0.0000999500 0.000099950 0.0000999500 0.999400000
15 15 (0) 4 : 0.000656739 0.0000999639 0.0000999639 0.0000999639 0.101603000 0.0000999639 0.897341000
16 16 (0) 4 : 0.000099950 0.0000999500 0.0000999500 0.0000999500 0.000099950 0.0000999500 0.999400000
17 17 (0) 5 : 0.000099955 0.9981990000 0.0013011700 0.0000999550 0.000099955 0.0000999550 0.000099955
18 18 (0) 5 : 0.000099950 0.9994000000 0.0000999500 0.0000999500 0.000099950 0.0000999500 0.000099950
19 19 (0) 5 : 0.000099950 0.9994000000 0.0000999500 0.0000999500 0.000099950 0.0000999500 0.000099950
20 20 (0) 5 : 0.009044940 0.9791120000 0.0000999820 0.0033293500 0.003273590 0.0050405100 0.000099982
21 21 (0) 6 : 0.000099973 0.0168118000 0.9518520000 0.0090215600 0.022014600 0.0000999730 0.000099973
22 22 (0) 6 : 0.000099955 0.0039044700 0.9955960000 0.0000999550 0.000099955 0.0000999550 0.000099955
23 23 (0) 6 : 0.000099950 0.0000999500 0.9994000000 0.0000999500 0.000099950 0.0000999500 0.000099950
24 24 (0) 6 : 0.000099955 0.0000999550 0.9884010000 0.0000999550 0.011099100 0.0000999550 0.000099955
25 25 (0) 7 : 0.177686000 0.0508380000 0.6273340000 0.0000999800 0.086823100 0.0571197000 0.000099980
26 26 (0) 7 : 0.086620800 0.0000999730 0.7277300000 0.0000999730 0.141395000 0.0439542000 0.000099973
27 27 (0) 7 : 0.108814000 0.0039761900 0.7151080000 0.0000999820 0.113416000 0.0584855000 0.000099982
28 28 (0) 7 : 0.186787000 0.0730615000 0.6039880000 0.0000999820 0.100494000 0.0354695000 0.000099982
29 29 (0) 8 : 0.000099973 0.0097983000 0.8249930000 0.1416090000 0.000099973 0.0000999730 0.023298800
30 30 (0) 8 : 0.000099973 0.0211203000 0.8690240000 0.0421030000 0.000099973 0.0000999730 0.067452600
31 31 (0) 8 : 0.000099964 0.0000999640 0.9414800000 0.0524119000 0.000099964 0.0000999640 0.005708070
32 32 (0) 8 : 0.000099955 0.0000999550 0.9648390000 0.0346609000 0.000099955 0.0000999550 0.000099955
33 33 (0) 9 : 0.000099982 0.0296482000 0.2412610000 0.0413613000 0.000099982 0.0042128300 0.683317000
34 34 (0) 9 : 0.000099982 0.0149484000 0.2434450000 0.0156837000 0.000099982 0.0074132500 0.718310000
35 35 (0) 9 : 0.000099973 0.0220620000 0.2610720000 0.0000999730 0.000099973 0.0093756800 0.707191000
36 36 (0) 9 : 0.000099973 0.0000999730 0.2722730000 0.0088712200 0.000099973 0.0386992000 0.679857000
37 37 (0) 10 : 0.015731100 0.0100836000 0.0485915000 0.7093030000 0.189590000 0.0266012000 0.000099991
38 38 (0) 10 : 0.000099964 0.0000999640 0.0000999640 0.7649540000 0.231309000 0.0000999640 0.003336880
39 39 (0) 10 : 0.008314800 0.0181445000 0.0866625000 0.6696000000 0.207879000 0.0092994800 0.000099991
40 40 (0) 10 : 0.005954740 0.0022960700 0.0033834800 0.7713600000 0.216682000 0.0000999910 0.000224674
41 41 (0) 11 : 0.000099973 0.0103319000 0.0581078000 0.9285820000 0.002678510 0.0000999730 0.000099973
42 42 (0) 11 : 0.000099973 0.0000999730 0.1783400000 0.7151480000 0.081652800 0.0000999730 0.024558300
43 43 (0) 11 : 0.000099973 0.0000999730 0.1704990000 0.7304220000 0.089750500 0.0000999730 0.009028100
44 44 (0) 11 : 0.033699800 0.0425826000 0.1560290000 0.6995680000 0.011076900 0.0000999910 0.056943700
45 45 (0) 12 : 0.000099950 0.0000999500 0.0000999500 0.9994000000 0.000099950 0.0000999500 0.000099950
46 46 (0) 12 : 0.000099950 0.0000999500 0.0000999500 0.9994000000 0.000099950 0.0000999500 0.000099950
47 47 (0) 12 : 0.000099950 0.0000999500 0.0000999500 0.9994000000 0.000099950 0.0000999500 0.000099950
48 48 (0) 12 : 0.000099950 0.0000999500 0.0000999500 0.9994000000 0.000099950 0.0000999500 0.000099950
1 1 (0) 1 : 0.0434860000 0.0339575000 0.0000999729 0.908687000 0.0000999729 0.0000999729 0.013569200
2 2 (0) 1 : 0.0354154000 0.0241901000 0.0000999820 0.914338000 0.0115011000 0.0000999820 0.014355900
3 3 (0) 1 : 0.0000999500 0.0000999500 0.0000999500 0.999400000 0.0000999500 0.0000999500 0.000099950
4 4 (0) 1 : 0.0000999550 0.0000999550 0.0000999550 0.985649000 0.0000999550 0.0138516000 0.000099955
5 5 (0) 2 : 0.0095878700 0.0000999730 0.0116642000 0.000099973 0.9734950000 0.0000999730 0.004952760
6 6 (0) 2 : 0.0000999500 0.0000999500 0.0000999500 0.000099950 0.9994000000 0.0000999500 0.000099950
7 7 (0) 2 : 0.0000999500 0.0000999500 0.0000999500 0.000099950 0.9994000000 0.0000999500 0.000099950
8 8 (0) 2 : 0.0478574000 0.0000999820 0.0105122000 0.000099982 0.9357610000 0.0037004800 0.001968710
9 9 (0) 3 : 0.0000999500 0.9994000000 0.0000999500 0.000099950 0.0000999500 0.0000999500 0.000099950
10 10 (0) 3 : 0.0000999500 0.9994000000 0.0000999500 0.000099950 0.0000999500 0.0000999500 0.000099950
11 11 (0) 3 : 0.0000999500 0.9994000000 0.0000999500 0.000099950 0.0000999500 0.0000999500 0.000099950
12 12 (0) 3 : 0.0423024000 0.7672540000 0.0186542000 0.053072800 0.0531444000 0.0461353000 0.019436400
13 13 (0) 4 : 0.7781200000 0.0137172000 0.0000999730 0.157995000 0.0498684000 0.0000999730 0.000099973
14 14 (0) 4 : 0.9994000000 0.0000999500 0.0000999500 0.000099950 0.0000999500 0.0000999500 0.000099950
15 15 (0) 4 : 0.8786840000 0.0015546200 0.0000999640 0.119362000 0.0000999640 0.0000999640 0.000099964
16 16 (0) 4 : 0.9994000000 0.0000999500 0.0000999500 0.000099950 0.0000999500 0.0000999500 0.000099950
17 17 (0) 5 : 0.0000999500 0.0000999500 0.0000999500 0.000099950 0.0000999500 0.0000999500 0.999400000
18 18 (0) 5 : 0.0022545800 0.0000999550 0.0000999550 0.000099955 0.0000999550 0.0000999550 0.997246000
19 19 (0) 5 : 0.0000999500 0.0000999500 0.0000999500 0.000099950 0.0000999500 0.0000999500 0.999400000
20 20 (0) 5 : 0.0000999730 0.0000999730 0.0067354700 0.000099973 0.0032730100 0.0055241600 0.984167000
21 21 (0) 6 : 0.0000999729 0.0000999729 0.0100163000 0.012473800 0.0000999729 0.9593140000 0.017896200
22 22 (0) 6 : 0.0000999550 0.0000999550 0.0000999550 0.000099955 0.0000999550 0.9847000000 0.014799800
23 23 (0) 6 : 0.0000999500 0.0000999500 0.0000999500 0.000099950 0.0000999500 0.9994000000 0.000099950
24 24 (0) 6 : 0.0000999550 0.0000999550 0.0000999550 0.006966210 0.0000999550 0.9925340000 0.000099955
25 25 (0) 7 : 0.0000999820 0.1779140000 0.0000999820 0.058560400 0.0825747000 0.6298380000 0.050913400
26 26 (0) 7 : 0.0000999730 0.0972478000 0.0000999730 0.140577000 0.0638593000 0.6980150000 0.000099973
27 27 (0) 7 : 0.0000999820 0.1155820000 0.0000999820 0.118662000 0.0550625000 0.7098570000 0.000635897
28 28 (0) 7 : 0.0000999900 0.1883680000 0.0060864200 0.065482500 0.0523279000 0.6304790000 0.057155900
29 29 (0) 8 : 0.0195180000 0.0000999640 0.1342750000 0.000099964 0.0000999640 0.8458070000 0.000099964
30 30 (0) 8 : 0.0872949000 0.0000999730 0.0340092000 0.000099973 0.0000999730 0.8772740000 0.001121860
31 31 (0) 8 : 0.0000999550 0.0000999550 0.0524499000 0.000099955 0.0000999550 0.9470500000 0.000099955
32 32 (0) 8 : 0.0000999550 0.0000999550 0.0323759000 0.000099955 0.0000999550 0.9671240000 0.000099955
33 33 (0) 9 : 0.7096350000 0.0000999730 0.0284412000 0.000099973 0.0000999730 0.2386970000 0.022927700
34 34 (0) 9 : 0.7636860000 0.0000999730 0.0032544800 0.000099973 0.0000999730 0.2277460000 0.005013930
35 35 (0) 9 : 0.7145410000 0.0000999820 0.0003612140 0.000099982 0.0241367000 0.2454740000 0.015287100
36 36 (0) 9 : 0.7036500000 0.0000999730 0.0073322300 0.000099973 0.0516305000 0.2370870000 0.000099973
37 37 (0) 10 : 0.0000999820 0.0000999820 0.7031010000 0.183122000 0.0245822000 0.0605740000 0.028420400
38 38 (0) 10 : 0.0022685500 0.0000999640 0.7708490000 0.226483000 0.0000999640 0.0000999640 0.000099964
39 39 (0) 10 : 0.0298162000 0.0018780300 0.6690220000 0.255769000 0.0000999910 0.0392885000 0.004126410
40 40 (0) 10 : 0.0007863310 0.0000999640 0.7722910000 0.226523000 0.0000999640 0.0000999640 0.000099964
41 41 (0) 11 : 0.0000999730 0.0000999730 0.9420980000 0.006939750 0.0000999730 0.0466325000 0.004029480
42 42 (0) 11 : 0.0107795000 0.0000999730 0.7437390000 0.057319100 0.0000999730 0.1878630000 0.000099973
43 43 (0) 11 : 0.0122840000 0.0093898000 0.7375850000 0.060161000 0.0008803280 0.1796000000 0.000099991
44 44 (0) 11 : 0.0347220000 0.0355487000 0.6860570000 0.000099991 0.0145996000 0.1845000000 0.044472300
45 45 (0) 12 : 0.0000999500 0.0000999500 0.9994000000 0.000099950 0.0000999500 0.0000999500 0.000099950
46 46 (0) 12 : 0.0000999500 0.0000999500 0.9994000000 0.000099950 0.0000999500 0.0000999500 0.000099950
47 47 (0) 12 : 0.0000999500 0.0000999500 0.9994000000 0.000099950 0.0000999500 0.0000999500 0.000099950
48 48 (0) 12 : 0.0000999500 0.0000999500 0.9994000000 0.000099950 0.0000999500 0.0000999500 0.000099950
1 1 (0) 1 : 0.8876440000 0.028864400 0.0444153000 0.0069268700 0.0000999800 0.0000999800 0.0319492000
2 2 (0) 1 : 0.8939950000 0.018804600 0.0280217000 0.0000999729 0.0000999729 0.0000999729 0.0588785000
3 3 (0) 1 : 0.9994000000 0.000099950 0.0000999500 0.0000999500 0.0000999500 0.0000999500 0.0000999500
4 4 (0) 1 : 0.9994000000 0.000099950 0.0000999500 0.0000999500 0.0000999500 0.0000999500 0.0000999500
5 5 (0) 2 : 0.0000999550 0.000099955 0.0000999550 0.9982750000 0.0012256700 0.0000999550 0.0000999550
6 6 (0) 2 : 0.0000999550 0.000099955 0.0024206700 0.9970800000 0.0000999550 0.0000999550 0.0000999550
7 7 (0) 2 : 0.0000999500 0.000099950 0.0000999500 0.9994000000 0.0000999500 0.0000999500 0.0000999500
8 8 (0) 2 : 0.0000999700 0.005464430 0.0000999700 0.9771010000 0.0039387200 0.0000999700 0.0131955000
9 9 (0) 3 : 0.0000999500 0.000099950 0.9994000000 0.0000999500 0.0000999500 0.0000999500 0.0000999500
10 10 (0) 3 : 0.0000999500 0.000099950 0.9994000000 0.0000999500 0.0000999500 0.0000999500 0.0000999500
11 11 (0) 3 : 0.0000999500 0.000099950 0.9994000000 0.0000999500 0.0000999500 0.0000999500 0.0000999500
12 12 (0) 3 : 0.0512781000 0.017243900 0.7547320000 0.0598476000 0.0136562000 0.0362147000 0.0670271000
13 13 (0) 4 : 0.1541040000 0.000099973 0.0204646000 0.0396781000 0.0000999730 0.0000999730 0.7854530000
14 14 (0) 4 : 0.0000999500 0.000099950 0.0000999500 0.0000999500 0.0000999500 0.0000999500 0.9994000000
15 15 (0) 4 : 0.0911504000 0.000099964 0.0198345000 0.0000999640 0.0000999640 0.0000999640 0.8886150000
16 16 (0) 4 : 0.0000999500 0.000099950 0.0000999500 0.0000999500 0.0000999500 0.0000999500 0.9994000000
17 17 (0) 5 : 0.0000999500 0.999400000 0.0000999500 0.0000999500 0.0000999500 0.0000999500 0.0000999500
18 18 (0) 5 : 0.0000999500 0.999400000 0.0000999500 0.0000999500 0.0000999500 0.0000999500 0.0000999500
19 19 (0) 5 : 0.0000999500 0.999400000 0.0000999500 0.0000999500 0.0000999500 0.0000999500 0.0000999500
20 20 (0) 5 : 0.0000999786 0.982763000 0.0087879600 0.0029281600 0.0000999786 0.0000999786 0.0052208500
21 21 (0) 6 : 0.0000999549 0.012623300 0.0000999549 0.0000999549 0.0000999549 0.9868770000 0.0000999549
22 22 (0) 6 : 0.0000999640 0.000251666 0.0000999640 0.0000999640 0.0044686000 0.9948800000 0.0000999640
23 23 (0) 6 : 0.0000999500 0.000099950 0.0000999500 0.0000999500 0.0000999500 0.9994000000 0.0000999500
24 24 (0) 6 : 0.0050877600 0.000099955 0.0000999550 0.0000999550 0.0000999550 0.9944120000 0.0000999550
25 25 (0) 7 : 0.0678645000 0.048866400 0.1752000000 0.0712970000 0.0000999800 0.6365720000 0.0000999800
26 26 (0) 7 : 0.1400480000 0.002994050 0.0904470000 0.0512612000 0.0000999820 0.7150500000 0.0000999820
27 27 (0) 7 : 0.1063340000 0.000099973 0.1133510000 0.0582359000 0.0000999730 0.7217800000 0.0000999730
28 28 (0) 7 : 0.0830955000 0.064831100 0.1863300000 0.0558318000 0.0000999820 0.6097120000 0.0000999820
29 29 (0) 8 : 0.0000999700 0.003550750 0.0000999700 0.0000999700 0.1336130000 0.8410060000 0.0215300000
30 30 (0) 8 : 0.0000999700 0.017335600 0.0000999700 0.0000999700 0.0369067000 0.8689110000 0.0765469000
31 31 (0) 8 : 0.0000999640 0.000099964 0.0000999640 0.0000999640 0.0553227000 0.9319550000 0.0123225000
32 32 (0) 8 : 0.0000999550 0.000099955 0.0000999550 0.0000999550 0.0503014000 0.9491990000 0.0000999550
33 33 (0) 9 : 0.0000999730 0.018712200 0.0000999730 0.0000999730 0.0248659000 0.2593270000 0.6967950000
34 34 (0) 9 : 0.0000999640 0.000099964 0.0000999640 0.0000999640 0.0155659000 0.2530300000 0.7310040000
35 35 (0) 9 : 0.0000999730 0.006895440 0.0000999730 0.0056496200 0.0000999730 0.2563830000 0.7307720000
36 36 (0) 9 : 0.0000999640 0.000099964 0.0000999640 0.0327604000 0.0000999640 0.2742660000 0.6925740000
37 37 (0) 10 : 0.1463620000 0.004969170 0.0242834000 0.0374944000 0.7356250000 0.0255642000 0.0257024000
38 38 (0) 10 : 0.2332400000 0.000099964 0.0000999640 0.0000999640 0.7636650000 0.0000999640 0.0026942700
39 39 (0) 10 : 0.2100490000 0.000099973 0.0000999730 0.0000999730 0.6948630000 0.0570241000 0.0377636000
40 40 (0) 10 : 0.2134150000 0.000134207 0.0037043600 0.0000999730 0.7824460000 0.0000999730 0.0000999730
41 41 (0) 11 : 0.0000999550 0.000099955 0.0000999550 0.0000999550 0.9516890000 0.0478112000 0.0000999550
42 42 (0) 11 : 0.0768113000 0.007558910 0.0000999820 0.0000999820 0.7457130000 0.1603040000 0.0094133100
43 43 (0) 11 : 0.0808498000 0.000099973 0.0000999730 0.0000999730 0.7370870000 0.1691970000 0.0125657000
44 44 (0) 11 : 0.0000999800 0.053869600 0.0416526000 0.0000999800 0.7060990000 0.1542390000 0.0439392000
45 45 (0) 12 : 0.0000999500 0.000099950 0.0000999500 0.0000999500 0.9994000000 0.0000999500 0.0000999500
46 46 (0) 12 : 0.0000999500 0.000099950 0.0000999500 0.0000999500 0.9994000000 0.0000999500 0.0000999500
47 47 (0) 12 : 0.0000999500 0.000099950 0.0000999500 0.0000999500 0.9994000000 0.0000999500 0.0000999500
48 48 (0) 12 : 0.0000999500 0.000099950 0.0000999500 0.0000999500 0.9994000000 0.0000999500 0.0000999500
1 1 (0) 1 : 0.0000999729 0.883743000 0.0385547000 0.0000999729 0.017288800 0.0601136000 0.0000999729
2 2 (0) 1 : 0.0000999729 0.884429000 0.0350922000 0.0000999729 0.022220100 0.0579590000 0.0000999729
3 3 (0) 1 : 0.0000999500 0.999400000 0.0000999500 0.0000999500 0.000099950 0.0000999500 0.0000999500
4 4 (0) 1 : 0.0000999500 0.999400000 0.0000999500 0.0000999500 0.000099950 0.0000999500 0.0000999500
5 5 (0) 2 : 0.0000999730 0.000099973 0.0000999730 0.0107632000 0.010283700 0.0195058000 0.9591470000
6 6 (0) 2 : 0.0000999500 0.000099950 0.0000999500 0.0000999500 0.000099950 0.0000999500 0.9994000000
7 7 (0) 2 : 0.0000999500 0.000099950 0.0000999500 0.0000999500 0.000099950 0.0000999500 0.9994000000
8 8 (0) 2 : 0.0000999640 0.000099964 0.0000999640 0.0036119300 0.000099964 0.0511861000 0.9448020000
9 9 (0) 3 : 0.0000999500 0.000099950 0.9994000000 0.0000999500 0.000099950 0.0000999500 0.0000999500
10 10 (0) 3 : 0.0000999500 0.000099950 0.9994000000 0.0000999500 0.000099950 0.0000999500 0.0000999500
11 11 (0) 3 : 0.0000999500 0.000099950 0.9994000000 0.0000999500 0.000099950 0.0000999500 0.0000999500
12 12 (0) 3 : 0.0416328000 0.046095800 0.7761380000 0.0101711000 0.012479500 0.0562373000 0.0572455000
13 13 (0) 4 : 0.0000999730 0.136124000 0.0093424400 0.0000999730 0.000099973 0.7864120000 0.0678220000
14 14 (0) 4 : 0.0000999500 0.000099950 0.0000999500 0.0000999500 0.000099950 0.9994000000 0.0000999500
15 15 (0) 4 : 0.0000999550 0.101304000 0.0000999550 0.0000999550 0.000099955 0.8981960000 0.0000999550
16 16 (0) 4 : 0.0000999500 0.000099950 0.0000999500 0.0000999500 0.000099950 0.9994000000 0.0000999500
17 17 (0) 5 : 0.0000999500 0.000099950 0.0000999500 0.0000999500 0.999400000 0.0000999500 0.0000999500
18 18 (0) 5 : 0.0000999550 0.000099955 0.0000999550 0.0000999550 0.997999000 0.0015009700 0.0000999550
19 19 (0) 5 : 0.0000999500 0.000099950 0.0000999500 0.0000999500 0.999400000 0.0000999500 0.0000999500
20 20 (0) 5 : 0.0000999820 0.004349720 0.0009928730 0.0000999820 0.983043000 0.0023711800 0.0090431900
21 21 (0) 6 : 0.9516020000 0.016899800 0.0000999729 0.0089850600 0.022212900 0.0000999729 0.0000999729
22 22 (0) 6 : 0.9898530000 0.000099955 0.0000999550 0.0000999550 0.009647370 0.0000999550 0.0000999550
23 23 (0) 6 : 0.9994000000 0.000099950 0.0000999500 0.0000999500 0.000099950 0.0000999500 0.0000999500
24 24 (0) 6 : 0.9994000000 0.000099950 0.0000999500 0.0000999500 0.000099950 0.0000999500 0.0000999500
25 25 (0) 7 : 0.6380270000 0.084066700 0.1970410000 0.0000999820 0.041912500 0.0000999820 0.0387527000
26 26 (0) 7 : 0.7250680000 0.130299000 0.0848958000 0.0000999730 0.000099973 0.0000999730 0.0594374000
27 27 (0) 7 : 0.7124230000 0.096463900 0.1215510000 0.0000999820 0.016687500 0.0000999820 0.0526748000
28 28 (0) 7 : 0.6157290000 0.092256200 0.1971090000 0.0000999820 0.063794600 0.0000999820 0.0309103000
29 29 (0) 8 : 0.8245230000 0.000099973 0.0000999730 0.1494270000 0.008952110 0.0167980000 0.0000999730
30 30 (0) 8 : 0.8968960000 0.000099973 0.0000999730 0.0325225000 0.000677957 0.0696041000 0.0000999730
31 31 (0) 8 : 0.9422910000 0.000099964 0.0000999640 0.0491541000 0.000099964 0.0081551700 0.0000999640
32 32 (0) 8 : 0.9581240000 0.000099955 0.0000999550 0.0413764000 0.000099955 0.0000999550 0.0000999550
33 33 (0) 9 : 0.2654840000 0.000099973 0.0000999730 0.0444675000 0.017539500 0.6722090000 0.0000999730
34 34 (0) 9 : 0.2663470000 0.000099973 0.0000999730 0.0046408300 0.019088700 0.7096240000 0.0000999730
35 35 (0) 9 : 0.2797990000 0.000099982 0.0000999820 0.0013546000 0.007292020 0.6974460000 0.0139081000
36 36 (0) 9 : 0.2838510000 0.000099982 0.0000999820 0.0233957000 0.003125680 0.6552890000 0.0341387000
37 37 (0) 10 : 0.0536014000 0.173653000 0.0132258000 0.7134670000 0.020061000 0.0000999910 0.0258915000
38 38 (0) 10 : 0.0000999550 0.241757000 0.0000999550 0.7577430000 0.000099955 0.0000999550 0.0000999550
39 39 (0) 10 : 0.0566471000 0.204409000 0.0000999910 0.6797390000 0.001354440 0.0290173000 0.0287334000
40 40 (0) 10 : 0.0000999640 0.229082000 0.0000999640 0.7678390000 0.002679390 0.0000999640 0.0000999640
41 41 (0) 11 : 0.0541397000 0.002213920 0.0000999730 0.9391880000 0.004158260 0.0000999730 0.0000999730
42 42 (0) 11 : 0.1978750000 0.064907200 0.0000999730 0.7353030000 0.000099973 0.0016155000 0.0000999730
43 43 (0) 11 : 0.1738110000 0.081375500 0.0028322200 0.7401510000 0.000099982 0.0016297400 0.0000999820
44 44 (0) 11 : 0.1965880000 0.000099991 0.0233542000 0.6670090000 0.036129600 0.0564474000 0.0203721000
45 45 (0) 12 : 0.0000999500 0.000099950 0.0000999500 0.9994000000 0.000099950 0.0000999500 0.0000999500
46 46 (0) 12 : 0.0000999500 0.000099950 0.0000999500 0.9994000000 0.000099950 0.0000999500 0.0000999500
47 47 (0) 12 : 0.0000999500 0.000099950 0.0000999500 0.9994000000 0.000099950 0.0000999500 0.0000999500
48 48 (0) 12 : 0.0000999500 0.000099950 0.0000999500 0.9994000000 0.000099950 0.0000999500 0.0000999500
1 1 (0) 1 : 0.902551000 0.0103697000 0.0000999700 0.061211100 0.025568100 0.0000999700 0.0000999700
2 2 (0) 1 : 0.896054000 0.0220509000 0.0000999729 0.060756700 0.020838000 0.0000999729 0.0000999729
3 3 (0) 1 : 0.999400000 0.0000999500 0.0000999500 0.000099950 0.000099950 0.0000999500 0.0000999500
4 4 (0) 1 : 0.999400000 0.0000999500 0.0000999500 0.000099950 0.000099950 0.0000999500 0.0000999500
5 5 (0) 2 : 0.000099955 0.0000999550 0.0154440000 0.000099955 0.000099955 0.0000999550 0.9840560000
6 6 (0) 2 : 0.000099950 0.0000999500 0.0000999500 0.000099950 0.000099950 0.0000999500 0.9994000000
7 7 (0) 2 : 0.002423360 0.0000999550 0.0000999550 0.000099955 0.000099955 0.0000999550 0.9970770000
8 8 (0) 2 : 0.000099982 0.0005079470 0.0114389000 0.022727400 0.000099982 0.0040142400 0.9611120000
9 9 (0) 3 : 0.000099950 0.0000999500 0.0000999500 0.000099950 0.999400000 0.0000999500 0.0000999500
10 10 (0) 3 : 0.000099950 0.0000999500 0.0000999500 0.000099950 0.999400000 0.0000999500 0.0000999500
11 11 (0) 3 : 0.000099950 0.0000999500 0.0000999500 0.000099950 0.999400000 0.0000999500 0.0000999500
12 12 (0) 3 : 0.045423300 0.0204412000 0.0086715100 0.073673100 0.772507000 0.0341107000 0.0451733000
13 13 (0) 4 : 0.137980000 0.0000999729 0.0000999729 0.798041000 0.012092700 0.0000999729 0.0515864000
14 14 (0) 4 : 0.000099950 0.0000999500 0.0000999500 0.999400000 0.000099950 0.0000999500 0.0000999500
15 15 (0) 4 : 0.073373400 0.0000999640 0.0000999640 0.914622000 0.011604300 0.0000999640 0.0000999640
16 16 (0) 4 : 0.000099950 0.0000999500 0.0000999500 0.999400000 0.000099950 0.0000999500 0.0000999500
17 17 (0) 5 : 0.000099955 0.9971020000 0.0000999550 0.000099955 0.002398070 0.0000999550 0.0000999550
18 18 (0) 5 : 0.000099955 0.9950310000 0.0000999550 0.004469550 0.000099955 0.0000999550 0.0000999550
19 19 (0) 5 : 0.000099955 0.9980090000 0.0014916900 0.000099955 0.000099955 0.0000999550 0.0000999550
20 20 (0) 5 : 0.000541445 0.9936750000 0.0053836500 0.000099964 0.000099964 0.0000999640 0.0000999640
21 21 (0) 6 : 0.014716400 0.0149313000 0.0099807700 0.000099973 0.000099973 0.9600720000 0.0000999730
22 22 (0) 6 : 0.000099964 0.0083176800 0.0063268600 0.000099964 0.000099964 0.9849560000 0.0000999640
23 23 (0) 6 : 0.000099950 0.0000999500 0.0000999500 0.000099950 0.000099950 0.9994000000 0.0000999500
24 24 (0) 6 : 0.008742050 0.0000999550 0.0000999550 0.000099955 0.000099955 0.9907580000 0.0000999550
25 25 (0) 7 : 0.070130800 0.0484224000 0.0000999800 0.000099980 0.178608000 0.6462780000 0.0563614000
26 26 (0) 7 : 0.125297000 0.0000999730 0.0000999730 0.000099973 0.089652700 0.7197110000 0.0650399000
27 27 (0) 7 : 0.084110100 0.0037786700 0.0000999820 0.000099982 0.121341000 0.7241690000 0.0664018000
28 28 (0) 7 : 0.080677900 0.0738919000 0.0000999820 0.000099982 0.187218000 0.6207650000 0.0372470000
29 29 (0) 8 : 0.000099970 0.0022745900 0.1265870000 0.031516800 0.000099970 0.8393210000 0.0000999700
30 30 (0) 8 : 0.000099973 0.0082814500 0.0398536000 0.091950700 0.000099973 0.8596140000 0.0000999730
31 31 (0) 8 : 0.000099964 0.0000999640 0.0539453000 0.007030590 0.000099964 0.9386240000 0.0000999640
32 32 (0) 8 : 0.000099955 0.0000999550 0.0504658000 0.000099955 0.000099955 0.9490340000 0.0000999550
33 33 (0) 9 : 0.000099973 0.0220515000 0.0281191000 0.702051000 0.000099973 0.2474790000 0.0000999730
34 34 (0) 9 : 0.000099982 0.0031990100 0.0115061000 0.719244000 0.000099982 0.2594130000 0.0064382300
35 35 (0) 9 : 0.000099973 0.0177191000 0.0218978000 0.717342000 0.000099973 0.2427410000 0.0000999730
36 36 (0) 9 : 0.000099973 0.0000999730 0.0239395000 0.683790000 0.000099973 0.2506380000 0.0413318000
37 37 (0) 10 : 0.208279000 0.0232042000 0.7134600000 0.000099991 0.000263033 0.0292093000 0.0254844000
38 38 (0) 10 : 0.260409000 0.0000999550 0.7390910000 0.000099955 0.000099955 0.0000999550 0.0000999550
39 39 (0) 10 : 0.235155000 0.0000999820 0.6725120000 0.020750400 0.000219621 0.0711628000 0.0000999820
40 40 (0) 10 : 0.243944000 0.0017686200 0.7538880000 0.000099964 0.000099964 0.0000999640 0.0000999640
41 41 (0) 11 : 0.000099955 0.0000999550 0.9239870000 0.000099955 0.000099955 0.0755129000 0.0000999550
42 42 (0) 11 : 0.068049500 0.0000999640 0.7380760000 0.000099964 0.000099964 0.1934740000 0.0000999640
43 43 (0) 11 : 0.071711400 0.0000999910 0.6963370000 0.013069100 0.010668200 0.2001940000 0.0079211400
44 44 (0) 11 : 0.009090350 0.0423816000 0.6692070000 0.050992900 0.046451800 0.1817770000 0.0000999910
45 45 (0) 12 : 0.000099950 0.0000999500 0.9994000000 0.000099950 0.000099950 0.0000999500 0.0000999500
46 46 (0) 12 : 0.000099950 0.0000999500 0.9994000000 0.000099950 0.000099950 0.0000999500 0.0000999500
47 47 (0) 12 : 0.000099950 0.0000999500 0.9994000000 0.000099950 0.000099950 0.0000999500 0.0000999500
48 48 (0) 12 : 0.000099950 0.0000999500 0.9994000000 0.000099950 0.000099950 0.0000999500 0.0000999500
1 1 (0) 1 : 0.054251100 0.0000999729 0.0131678000 0.8946030000 0.0000999729 0.0000999729 0.0376782000
2 2 (0) 1 : 0.062463300 0.0000999729 0.0137127000 0.8944910000 0.0000999729 0.0000999729 0.0290329000
3 3 (0) 1 : 0.000099950 0.0000999500 0.0000999500 0.9994000000 0.0000999500 0.0000999500 0.0000999500
4 4 (0) 1 : 0.000099950 0.0049048700 0.0000999500 0.9945950000 0.0000999500 0.0000999500 0.0000999500
5 5 (0) 2 : 0.015849200 0.0000999640 0.0000999640 0.0000999640 0.9693540000 0.0143972000 0.0000999640
6 6 (0) 2 : 0.000099950 0.0000999500 0.0000999500 0.0000999500 0.9994000000 0.0000999500 0.0000999500
7 7 (0) 2 : 0.000099950 0.0000999500 0.0000999500 0.0000999500 0.9994000000 0.0000999500 0.0000999500
8 8 (0) 2 : 0.026985200 0.0000999640 0.0000999640 0.0000999640 0.9534100000 0.0192047000 0.0000999640
9 9 (0) 3 : 0.000099950 0.0000999500 0.0000999500 0.0000999500 0.0000999500 0.0000999500 0.9994000000
10 10 (0) 3 : 0.000099950 0.0000999500 0.0000999500 0.0000999500 0.0000999500 0.0000999500 0.9994000000
11 11 (0) 3 : 0.000099950 0.0000999500 0.0000999500 0.0000999500 0.0000999500 0.0000999500 0.9994000000
12 12 (0) 3 : 0.067203400 0.0342236000 0.0259433000 0.0391686000 0.0513158000 0.0118394000 0.7703060000
13 13 (0) 4 : 0.772409000 0.0000999729 0.0000999729 0.1703120000 0.0492951000 0.0000999729 0.0076840400
14 14 (0) 4 : 0.999400000 0.0000999500 0.0000999500 0.0000999500 0.0000999500 0.0000999500 0.0000999500
15 15 (0) 4 : 0.870179000 0.0000999639 0.0000999639 0.1283680000 0.0000999639 0.0000999639 0.0010528000
16 16 (0) 4 : 0.999400000 0.0000999500 0.0000999500 0.0000999500 0.0000999500 0.0000999500 0.0000999500
17 17 (0) 5 : 0.000099950 0.0000999500 0.9994000000 0.0000999500 0.0000999500 0.0000999500 0.0000999500
18 18 (0) 5 : 0.009988150 0.0000999550 0.9895120000 0.0000999550 0.0000999550 0.0000999550 0.0000999550
19 19 (0) 5 : 0.000099950 0.0000999500 0.9994000000 0.0000999500 0.0000999500 0.0000999500 0.0000999500
20 20 (0) 5 : 0.002299320 0.0000999640 0.9808870000 0.0000999640 0.0164133000 0.0000999640 0.0000999640
21 21 (0) 6 : 0.000099970 0.9643160000 0.0240696000 0.0047067600 0.0000999700 0.0066075100 0.0000999700
22 22 (0) 6 : 0.000099950 0.9994000000 0.0000999500 0.0000999500 0.0000999500 0.0000999500 0.0000999500
23 23 (0) 6 : 0.000099950 0.9994000000 0.0000999500 0.0000999500 0.0000999500 0.0000999500 0.0000999500
24 24 (0) 6 : 0.000099950 0.9994000000 0.0000999500 0.0000999500 0.0000999500 0.0000999500 0.0000999500
25 25 (0) 7 : 0.000099982 0.6305630000 0.0683393000 0.0584969000 0.0583901000 0.0000999820 0.1840100000
26 26 (0) 7 : 0.000099970 0.7276620000 0.0000999700 0.1382980000 0.0590903000 0.0000999700 0.0746500000
27 27 (0) 7 : 0.000099980 0.7063760000 0.0184699000 0.1029630000 0.0760168000 0.0000999800 0.0959752000
28 28 (0) 7 : 0.000099980 0.6215950000 0.0848980000 0.0582493000 0.0406425000 0.0000999800 0.1944150000
29 29 (0) 8 : 0.014387000 0.8273170000 0.0057746800 0.0000999730 0.0000999730 0.1522220000 0.0000999730
30 30 (0) 8 : 0.066909100 0.8677980000 0.0145046000 0.0042007800 0.0008515060 0.0456355000 0.0000999910
31 31 (0) 8 : 0.011775300 0.9312130000 0.0000999640 0.0000999640 0.0000999640 0.0566122000 0.0000999640
32 32 (0) 8 : 0.000099950 0.9691420000 0.0000999500 0.0000999500 0.0000999500 0.0303585000 0.0000999500
33 33 (0) 9 : 0.694742000 0.2574940000 0.0000999639 0.0000999639 0.0000999639 0.0473635000 0.0000999639
34 34 (0) 9 : 0.748502000 0.2265260000 0.0000999640 0.0000999640 0.0000999640 0.0245722000 0.0000999640
35 35 (0) 9 : 0.750652000 0.2487670000 0.0001813890 0.0000999640 0.0000999640 0.0000999640 0.0000999640
36 36 (0) 9 : 0.678157000 0.2491190000 0.0026132200 0.0000999820 0.0328859000 0.0370246000 0.0000999820
37 37 (0) 10 : 0.005042100 0.0514730000 0.0070327600 0.1766050000 0.0299139000 0.7138820000 0.0160508000
38 38 (0) 10 : 0.000099950 0.0000999500 0.0000999500 0.2653770000 0.0000999500 0.7341230000 0.0000999500
39 39 (0) 10 : 0.014235000 0.0568561000 0.0000999910 0.2444780000 0.0114435000 0.6709490000 0.0019383200
40 40 (0) 10 : 0.000099955 0.0000999550 0.0000999550 0.2453790000 0.0000999550 0.7541220000 0.0000999550
41 41 (0) 11 : 0.000099964 0.0446067000 0.0000999640 0.0099767400 0.0000999640 0.9450170000 0.0000999640
42 42 (0) 11 : 0.002776280 0.1594280000 0.0000999700 0.0780959000 0.0000999700 0.7594000000 0.0000999700
43 43 (0) 11 : 0.021437600 0.1359380000 0.0000999820 0.0969302000 0.0141460000 0.7313480000 0.0000999820
44 44 (0) 11 : 0.051387700 0.1499330000 0.0499981000 0.0000999910 0.0150326000 0.7026210000 0.0309271000
45 45 (0) 12 : 0.000099950 0.0000999500 0.0000999500 0.0000999500 0.0000999500 0.9994000000 0.0000999500
46 46 (0) 12 : 0.000099950 0.0000999500 0.0000999500 0.0000999500 0.0000999500 0.9994000000 0.0000999500
47 47 (0) 12 : 0.000099950 0.0000999500 0.0000999500 0.0000999500 0.0000999500 0.9994000000 0.0000999500
48 48 (0) 12 : 0.000099950 0.0000999500 0.0000999500 0.0000999500 0.0000999500 0.9994000000 0.0000999500
1 1 (0) 1 : 0.0150975000 0.0519759000 0.0072474400 0.0336570000 0.8918220000 0.0000999820 0.0000999820
2 2 (0) 1 : 0.0000999729 0.0573493000 0.0231073000 0.0255692000 0.8936740000 0.0000999729 0.0000999729
3 3 (0) 1 : 0.0000999500 0.0000999500 0.0000999500 0.0000999500 0.9994000000 0.0000999500 0.0000999500
4 4 (0) 1 : 0.0000999500 0.0000999500 0.0000999500 0.0000999500 0.9994000000 0.0000999500 0.0000999500
5 5 (0) 2 : 0.9780730000 0.0043074500 0.0130447000 0.0000999730 0.0000999730 0.0042750300 0.0000999730
6 6 (0) 2 : 0.9956580000 0.0000999550 0.0000999550 0.0038421900 0.0000999550 0.0000999550 0.0000999550
7 7 (0) 2 : 0.9994000000 0.0000999500 0.0000999500 0.0000999500 0.0000999500 0.0000999500 0.0000999500
8 8 (0) 2 : 0.9586910000 0.0323057000 0.0017561000 0.0000999730 0.0000999730 0.0069476800 0.0000999730
9 9 (0) 3 : 0.0000999500 0.0000999500 0.0000999500 0.9994000000 0.0000999500 0.0000999500 0.0000999500
10 10 (0) 3 : 0.0000999500 0.0000999500 0.0000999500 0.9994000000 0.0000999500 0.0000999500 0.0000999500
11 11 (0) 3 : 0.0000999500 0.0000999500 0.0000999500 0.9994000000 0.0000999500 0.0000999500 0.0000999500
12 12 (0) 3 : 0.0408994000 0.0679339000 0.0210545000 0.7719810000 0.0437548000 0.0128819000 0.0414946000
13 13 (0) 4 : 0.0625915000 0.7904530000 0.0000999729 0.0091377800 0.1375180000 0.0000999729 0.0000999729
14 14 (0) 4 : 0.0000999500 0.9994000000 0.0000999500 0.0000999500 0.0000999500 0.0000999500 0.0000999500
15 15 (0) 4 : 0.0000999550 0.8911140000 0.0000999550 0.0000999550 0.1083860000 0.0000999550 0.0000999550
16 16 (0) 4 : 0.0000999500 0.9994000000 0.0000999500 0.0000999500 0.0000999500 0.0000999500 0.0000999500
17 17 (0) 5 : 0.0000999500 0.0000999500 0.9994000000 0.0000999500 0.0000999500 0.0000999500 0.0000999500
18 18 (0) 5 : 0.0000999550 0.0013875800 0.9981130000 0.0000999550 0.0000999550 0.0000999550 0.0000999550
19 19 (0) 5 : 0.0000999500 0.0000999500 0.9994000000 0.0000999500 0.0000999500 0.0000999500 0.0000999500
20 20 (0) 5 : 0.0153050000 0.0000999820 0.9798200000 0.0003604570 0.0035722200 0.0007425360 0.0000999820
21 21 (0) 6 : 0.0000999729 0.0000999729 0.0098302200 0.0000999729 0.0317396000 0.0104043000 0.9477260000
22 22 (0) 6 : 0.0000999549 0.0000999549 0.0151020000 0.0000999549 0.0000999549 0.0000999549 0.9843980000
23 23 (0) 6 : 0.0000999500 0.0000999500 0.0000999500 0.0000999500 0.0000999500 0.0000999500 0.9994000000
24 24 (0) 6 : 0.0000999500 0.0000999500 0.0000999500 0.0000999500 0.0000999500 0.0000999500 0.9994000000
25 25 (0) 7 : 0.0557117000 0.0000999800 0.0536817000 0.1700840000 0.0793024000 0.0000999800 0.6410200000
26 26 (0) 7 : 0.0721126000 0.0000999730 0.0000999730 0.0875470000 0.1070870000 0.0000999730 0.7329540000
27 27 (0) 7 : 0.0565286000 0.0000999730 0.0000999730 0.0956236000 0.0979312000 0.0000999730 0.7496170000
28 28 (0) 7 : 0.0451212000 0.0000999820 0.0622751000 0.1856030000 0.0932778000 0.0000999820 0.6135230000
29 29 (0) 8 : 0.0000999640 0.0239477000 0.0000999640 0.0000999640 0.0000999640 0.1293950000 0.8462570000
30 30 (0) 8 : 0.0017897400 0.0815458000 0.0098487200 0.0000999820 0.0000999820 0.0376546000 0.8689610000
31 31 (0) 8 : 0.0000999640 0.0051132400 0.0000999640 0.0000999640 0.0000999640 0.0564142000 0.9380730000
32 32 (0) 8 : 0.0000999550 0.0000999550 0.0000999550 0.0000999550 0.0000999550 0.0280285000 0.9714720000
33 33 (0) 9 : 0.0000999730 0.6853830000 0.0181330000 0.0000999730 0.0000999730 0.0248420000 0.2713420000
34 34 (0) 9 : 0.0000999640 0.7247440000 0.0000999640 0.0000999640 0.0000999640 0.0021267800 0.2727290000
35 35 (0) 9 : 0.0000999730 0.7183150000 0.0031316000 0.0000999730 0.0000999730 0.0164225000 0.2618310000
36 36 (0) 9 : 0.0278987000 0.6845780000 0.0000999730 0.0000999730 0.0000999730 0.0158436000 0.2713800000
37 37 (0) 10 : 0.0264255000 0.0025239100 0.0179578000 0.0309024000 0.1665570000 0.7315530000 0.0240794000
38 38 (0) 10 : 0.0000999550 0.0000999550 0.0000999550 0.0000999550 0.2443550000 0.7551450000 0.0000999550
39 39 (0) 10 : 0.0000999900 0.0040627000 0.0047230400 0.0224913000 0.2088010000 0.7195390000 0.0402836000
40 40 (0) 10 : 0.0000999555 0.0000999555 0.0000999555 0.0000999555 0.2487060000 0.7507950000 0.0000999555
41 41 (0) 11 : 0.0000999730 0.0000999730 0.0038793000 0.0000999730 0.0070906700 0.9360170000 0.0527133000
42 42 (0) 11 : 0.0000999640 0.0000999640 0.0000999640 0.0000999640 0.0573789000 0.7263570000 0.2158640000
43 43 (0) 11 : 0.0000999730 0.0158078000 0.0000999730 0.0000999730 0.0749165000 0.7087450000 0.2002310000
44 44 (0) 11 : 0.0120211000 0.0441711000 0.0266658000 0.0465708000 0.0000999910 0.6839850000 0.1864860000
45 45 (0) 12 : 0.0000999500 0.0000999500 0.0000999500 0.0000999500 0.0000999500 0.9994000000 0.0000999500
46 46 (0) 12 : 0.0000999500 0.0000999500 0.0000999500 0.0000999500 0.0000999500 0.9994000000 0.0000999500
47 47 (0) 12 : 0.0000999500 0.0000999500 0.0000999500 0.0000999500 0.0000999500 0.9994000000 0.0000999500
48 48 (0) 12 : 0.0000999500 0.0000999500 0.0000999500 0.0000999500 0.0000999500 0.9994000000 0.0000999500
1 1 (0) 1 : 0.0340456000 0.0695703000 0.0082066900 0.0000999729 0.0000999729 0.0000999729 0.887877000
2 2 (0) 1 : 0.0375260000 0.0630986000 0.0229402000 0.0000999729 0.0000999729 0.0000999729 0.876135000
3 3 (0) 1 : 0.0000999500 0.0000999500 0.0000999500 0.0000999500 0.0000999500 0.0000999500 0.999400000
4 4 (0) 1 : 0.0000999500 0.0000999500 0.0000999500 0.0000999500 0.0000999500 0.0000999500 0.999400000
5 5 (0) 2 : 0.0000999820 0.0047860100 0.0062084700 0.0078542400 0.0000999820 0.9743140000 0.006637140
6 6 (0) 2 : 0.0000999500 0.0000999500 0.0000999500 0.0000999500 0.0000999500 0.9994000000 0.000099950
7 7 (0) 2 : 0.0000999500 0.0000999500 0.0000999500 0.0000999500 0.0000999500 0.9994000000 0.000099950
8 8 (0) 2 : 0.0000999730 0.0222029000 0.0048873100 0.0130734000 0.0000999730 0.9595370000 0.000099973
9 9 (0) 3 : 0.9994000000 0.0000999500 0.0000999500 0.0000999500 0.0000999500 0.0000999500 0.000099950
10 10 (0) 3 : 0.9994000000 0.0000999500 0.0000999500 0.0000999500 0.0000999500 0.0000999500 0.000099950
11 11 (0) 3 : 0.9994000000 0.0000999500 0.0000999500 0.0000999500 0.0000999500 0.0000999500 0.000099950
12 12 (0) 3 : 0.7797690000 0.0633826000 0.0122465000 0.0365782000 0.0201474000 0.0415936000 0.046282900
13 13 (0) 4 : 0.0066072000 0.7753460000 0.0000999729 0.0000999729 0.0000999729 0.0571404000 0.160606000
14 14 (0) 4 : 0.0000999500 0.9994000000 0.0000999500 0.0000999500 0.0000999500 0.0000999500 0.000099950
15 15 (0) 4 : 0.0118974000 0.8902650000 0.0000999640 0.0000999640 0.0000999640 0.0000999640 0.097437300
16 16 (0) 4 : 0.0000999500 0.9994000000 0.0000999500 0.0000999500 0.0000999500 0.0000999500 0.000099950
17 17 (0) 5 : 0.0000999500 0.0000999500 0.9994000000 0.0000999500 0.0000999500 0.0000999500 0.000099950
18 18 (0) 5 : 0.0000999550 0.0000999550 0.9926720000 0.0000999550 0.0000999550 0.0000999550 0.006828130
19 19 (0) 5 : 0.0000999500 0.0000999500 0.9994000000 0.0000999500 0.0000999500 0.0000999500 0.000099950
20 20 (0) 5 : 0.0000999640 0.0083215700 0.9855200000 0.0057588600 0.0000999640 0.0000999640 0.000099964
21 21 (0) 6 : 0.0000999639 0.0000999639 0.0070055800 0.0000999639 0.9831280000 0.0000999639 0.009467000
22 22 (0) 6 : 0.0000999500 0.0000999500 0.0000999500 0.0000999500 0.9994000000 0.0000999500 0.000099950
23 23 (0) 6 : 0.0000999500 0.0000999500 0.0000999500 0.0000999500 0.9994000000 0.0000999500 0.000099950
24 24 (0) 6 : 0.0000999550 0.0000999550 0.0000999550 0.0000999550 0.9864860000 0.0000999550 0.013014700
25 25 (0) 7 : 0.1942490000 0.0000999800 0.0567045000 0.0000999800 0.6386140000 0.0535238000 0.056708900
26 26 (0) 7 : 0.0879993000 0.0000999820 0.0002553440 0.0000999820 0.7203480000 0.0742903000 0.116908000
27 27 (0) 7 : 0.1034640000 0.0000999820 0.0193737000 0.0000999820 0.7218740000 0.0623159000 0.092771600
28 28 (0) 7 : 0.2063590000 0.0000999910 0.0764792000 0.0060544100 0.6002390000 0.0252383000 0.085530500
29 29 (0) 8 : 0.0000999730 0.0117182000 0.0067797600 0.1412670000 0.8399360000 0.0000999730 0.000099973
30 30 (0) 8 : 0.0000999730 0.0648744000 0.0121293000 0.0373969000 0.8852990000 0.0000999730 0.000099973
31 31 (0) 8 : 0.0000999640 0.0105396000 0.0000999640 0.0525647000 0.9364960000 0.0000999640 0.000099964
32 32 (0) 8 : 0.0000999550 0.0000999550 0.0000999550 0.0365786000 0.9629220000 0.0000999550 0.000099955
33 33 (0) 9 : 0.0000999730 0.6828780000 0.0258127000 0.0161597000 0.2748500000 0.0000999730 0.000099973
34 34 (0) 9 : 0.0000999730 0.7451100000 0.0028289100 0.0288443000 0.2229160000 0.0000999730 0.000099973
35 35 (0) 9 : 0.0000999730 0.7376070000 0.0128177000 0.0000999730 0.2481310000 0.0011452400 0.000099973
36 36 (0) 9 : 0.0000999820 0.7072450000 0.0037041600 0.0149639000 0.2546900000 0.0191963000 0.000099982
37 37 (0) 10 : 0.0198732000 0.0000999910 0.0164662000 0.6898800000 0.0484558000 0.0264292000 0.198796000
38 38 (0) 10 : 0.0000999550 0.0000999550 0.0000999550 0.7575590000 0.0000999550 0.0000999550 0.241941000
39 39 (0) 10 : 0.0051184900 0.0245865000 0.0000999910 0.6504290000 0.0658035000 0.0066959500 0.247267000
40 40 (0) 10 : 0.0000999730 0.0000999730 0.0014358800 0.7568400000 0.0025213300 0.0000999730 0.238903000
41 41 (0) 11 : 0.0000999550 0.0000999550 0.0000999550 0.9579360000 0.0415637000 0.0000999550 0.000099955
42 42 (0) 11 : 0.0000999640 0.0000999640 0.0000999640 0.7149620000 0.2116570000 0.0000999640 0.072980700
43 43 (0) 11 : 0.0053967400 0.0164889000 0.0000999910 0.7320590000 0.1764510000 0.0085134800 0.060991100
44 44 (0) 11 : 0.0298170000 0.0381628000 0.0448608000 0.6784250000 0.1956200000 0.0099181800 0.003196270
45 45 (0) 12 : 0.0000999500 0.0000999500 0.0000999500 0.9994000000 0.0000999500 0.0000999500 0.000099950
46 46 (0) 12 : 0.0000999500 0.0000999500 0.0000999500 0.9994000000 0.0000999500 0.0000999500 0.000099950
47 47 (0) 12 : 0.0000999500 0.0000999500 0.0000999500 0.9994000000 0.0000999500 0.0000999500 0.000099950
48 48 (0) 12 : 0.0000999500 0.0000999500 0.0000999500 0.9994000000 0.0000999500 0.0000999500 0.000099950
