-------------------------------------------------------------------------------
 L       Percentage of nodes in the largest component
 D       Percentage of nodes in components of size at most 3 [-div option]
 R       Percentage of nodes not in L or D: 100 - L -D
 S       Percentage of nodes that are singletons
 E       Fraction of edges retained (input graph has 9900)
 cce     Expected size of component, nodewise [ sum(sz^2) / sum^2(sz) ]
 EW      Edge weight traits (mean, median and IQR)
 ND      Node degree traits [mean, median and IQR]
 CCF     Clustering coefficient (scale 1-100)
 eff     Induced component efficiency relative to start graph (scale 1-1000)
Total number of nodes: 100
----------------------------------------------------------------------------------------------
  L   D   R   S     E     cce  EWmean   EWmed   EWiqr  NDmean   NDmed  NDiqr CCF  eff  Cutoff 
----------------------------------------------------------------------------------------------
100   0   0   0 0.986     100    0.71    0.66    0.09    97.7    99.5    1.5   -    -     0.50
100   0   0   0 0.977     100    0.72    0.66    0.09    96.7    99.5    1.5   -    -     0.51
100   0   0   0 0.942     100    0.72    0.66    0.09    93.2    96.5    7.5   -    -     0.52
100   0   0   0 0.932     100    0.72    0.66    0.09    92.3    93.5    7.5   -    -     0.53
100   0   0   0 0.925     100    0.73    0.66    0.09    91.6    93.5    7.5   -    -     0.54
100   0   0   0 0.912     100    0.73    0.66    0.09    90.3    92.5    9.5   -    -     0.55
100   0   0   0 0.904     100    0.73    0.67    0.09    89.5    90.5   10.5   -    -     0.56
100   0   0   0 0.897     100    0.73    0.67    0.09    88.8    89.5   11.5   -    -     0.57
100   0   0   0 0.869     100    0.74    0.67    0.34    86.0    88.5   19.5   -    -     0.58
100   0   0   0 0.846     100    0.74    0.67    0.34    83.7    85.5   19.5   -    -     0.59
100   0   0   0 0.821     100    0.75    0.67    0.34    81.3    85.5   23.5   -    -     0.60
100   0   0   0 0.818     100    0.75    0.67    0.34    81.0    85.5   27.5   -    -     0.61
100   0   0   0 0.795     100    0.75    0.67    0.34    78.7    85.5   27.5   -    -     0.62
100   0   0   0 0.742     100    0.76    0.67    0.33    73.5    85.5   21.5   -    -     0.63
100   0   0   0 0.585     100    0.79    0.70    0.32    57.9    70.5   35.5   -    -     0.64
100   0   0   0 0.570     100    0.80    0.70    0.32    56.4    69.5   36.5   -    -     0.65
 93   0   7   0 0.491      87    0.82    0.72    0.31    48.6    59.5   31.5   -    -     0.66
 93   0   7   0 0.357      87    0.88    0.98    0.27    35.3    43.5   29.5   -    -     0.67
 49   0  51   0 0.320      44    0.90    0.98    0.26    31.7    41.5   24.5   -    -     0.68
 49   0  51   0 0.304      44    0.91    0.98    0.26    30.1    28.5   25.5   -    -     0.69
 49   0  51   0 0.295      44    0.92    0.98    0.02    29.2    28.5   25.5   -    -     0.70
 44   1  55   1 0.272      32    0.94    0.98    0.01    26.9    25.5   28.5   -    -     0.71
 44   1  55   1 0.249      32    0.95    0.98    0.00    24.7    15.5   33.5   -    -     0.72
 43   7  50   2 0.224      23    0.98    0.98    0.00    22.2    12.5   36.5   -    -     0.73
 43   7  50   2 0.224      23    0.98    0.98    0.00    22.2    12.5   36.5   -    -     0.74
 43   7  50   2 0.224      23    0.98    0.98    0.00    22.2    12.5   36.5   -    -     0.75
 43   7  50   2 0.224      23    0.98    0.98    0.00    22.2    12.5   36.5   -    -     0.76
 43   7  50   2 0.224      23    0.98    0.98    0.00    22.2    12.5   36.5   -    -     0.77
 43   7  50   2 0.224      23    0.98    0.98    0.00    22.2    12.5   36.5   -    -     0.78
 43   7  50   2 0.224      23    0.98    0.98    0.00    22.2    12.5   36.5   -    -     0.79
 43   7  50   2 0.224      23    0.98    0.98    0.00    22.2    12.5   36.5   -    -     0.80
 43   7  50   2 0.224      23    0.98    0.98    0.00    22.2    12.5   36.5   -    -     0.81
 43   7  50   2 0.224      23    0.98    0.98    0.00    22.2    12.5   36.5   -    -     0.82
 43   7  50   2 0.223      23    0.98    0.98    0.00    22.1    12.5   36.5   -    -     0.83
 43   7  50   2 0.223      23    0.98    0.98    0.00    22.1    12.5   36.5   -    -     0.84
 43   7  50   2 0.223      23    0.98    0.98    0.00    22.1    12.5   36.5   -    -     0.85
 43  13  44   2 0.222      23    0.98    0.98    0.00    22.0    12.5   36.5   -    -     0.86
 43  13  44   4 0.222      23    0.98    0.98    0.00    22.0    12.5   36.5   -    -     0.87
 43  13  44   4 0.222      23    0.98    0.98    0.00    22.0    12.5   36.5   -    -     0.88
 43  13  44   4 0.222      23    0.98    0.98    0.00    22.0    12.5   36.5   -    -     0.89
 43  13  44   4 0.222      23    0.98    0.98    0.00    22.0    12.5   36.5   -    -     0.90
 43  13  44   4 0.222      23    0.98    0.98    0.00    22.0    12.5   36.5   -    -     0.91
 43  13  44   4 0.222      23    0.98    0.98    0.00    22.0    12.5   36.5   -    -     0.92
 43  13  44   4 0.222      23    0.98    0.98    0.00    22.0    12.5   36.5   -    -     0.93
 43  13  44   4 0.222      23    0.98    0.98    0.00    22.0    12.5   36.5   -    -     0.94
 43  13  44   5 0.222      23    0.98    0.98    0.00    21.9    12.5   36.5   -    -     0.95
 43  13  44   6 0.221      23    0.98    0.98    0.00    21.9    12.5   36.5   -    -     0.96
 43  13  44   6 0.220      23    0.98    0.98    0.00    21.8    12.5   36.5   -    -     0.97
 43  22  35  17 0.190      22    0.98    0.98    0.00    18.8     6.5   38.5   -    -     0.98
  0 100   0 100 0.000       1    0.00    0.00    0.00     0.0     0.5    0.5   -    -     0.99
---------------------------------------------------------------------------------------------
