-------------------------------------------------------------------------------
 L       Percentage of nodes in the largest component
 D       Percentage of nodes in components of size at most 3 [-div option]
 R       Percentage of nodes not in L or D: 100 - L -D
 S       Percentage of nodes that are singletons
 E       Fraction of edges retained (input graph has 9900)
 cce     Expected size of component, nodewise [ sum(sz^2) / sum^2(sz) ]
 EW      Edge weight traits (mean, median and IQR)
 ND      Node degree traits [mean, median and IQR]
 CCF     Clustering coefficient (scale 1-100)
 eff     Induced component efficiency relative to start graph (scale 1-1000)
Total number of nodes: 100
----------------------------------------------------------------------------------------------
  L   D   R   S     E     cce  EWmean   EWmed   EWiqr  NDmean   NDmed  NDiqr CCF  eff  Cutoff 
----------------------------------------------------------------------------------------------
100   0   0   0 0.971     100    0.70    0.69    0.15    96.1    99.5    5.5   -    -     0.50
100   0   0   0 0.957     100    0.70    0.69    0.14    94.8    98.5    5.5   -    -     0.51
100   0   0   0 0.957     100    0.70    0.69    0.14    94.7    98.5    5.5   -    -     0.52
100   0   0   0 0.948     100    0.70    0.69    0.14    93.8    97.5    6.5   -    -     0.53
100   0   0   0 0.900     100    0.71    0.69    0.11    89.1    90.5    8.5   -    -     0.54
100   0   0   0 0.833     100    0.73    0.69    0.07    82.4    85.5   16.5   -    -     0.55
100   0   0   0 0.738     100    0.75    0.70    0.20    73.1    72.5   30.5   -    -     0.56
100   0   0   0 0.722     100    0.75    0.70    0.21    71.5    71.5   25.5   -    -     0.57
100   0   0   0 0.712     100    0.76    0.70    0.21    70.5    71.5   26.5   -    -     0.58
100   0   0   0 0.697     100    0.76    0.70    0.22    69.0    71.5   26.5   -    -     0.59
100   0   0   0 0.684     100    0.76    0.70    0.22    67.7    71.5   26.5   -    -     0.60
100   0   0   0 0.677     100    0.76    0.70    0.23    67.1    71.5   25.5   -    -     0.61
100   0   0   0 0.673     100    0.77    0.70    0.23    66.6    71.5   26.5   -    -     0.62
100   0   0   0 0.671     100    0.77    0.70    0.23    66.4    71.5   26.5   -    -     0.63
100   0   0   0 0.661     100    0.77    0.70    0.24    65.4    71.5   26.5   -    -     0.64
100   0   0   0 0.636     100    0.77    0.70    0.25    63.0    71.5   27.5   -    -     0.65
 99   1   0   1 0.596      98    0.78    0.70    0.27    59.0    64.5   25.5   -    -     0.66
 99   1   0   1 0.548      98    0.79    0.70    0.27    54.2    58.5   27.5   -    -     0.67
 99   1   0   1 0.514      98    0.80    0.71    0.28    50.9    52.5   25.5   -    -     0.68
 99   1   0   1 0.457      98    0.81    0.72    0.28    45.3    50.5   20.5   -    -     0.69
 99   1   0   1 0.300      98    0.87    0.96    0.26    29.7    28.5   13.5   -    -     0.70
 97   3   0   1 0.253      94    0.90    0.97    0.15    25.0    23.5   10.5   -    -     0.71
 70   3  27   1 0.230      56    0.92    0.98    0.08    22.7    23.5   10.5   -    -     0.72
 46   3  51   1 0.206      32    0.95    0.98    0.03    20.4    23.5   12.5   -    -     0.73
 46   3  51   1 0.200      30    0.95    0.98    0.03    19.8    23.5   11.5   -    -     0.74
 46   3  51   1 0.195      30    0.96    0.98    0.02    19.3    23.5   10.5   -    -     0.75
 46   3  51   1 0.193      30    0.96    0.98    0.02    19.1    22.5   10.5   -    -     0.76
 27   3  70   1 0.193      20    0.96    0.98    0.02    19.1    21.5   10.5   -    -     0.77
 27   3  70   1 0.192      20    0.96    0.98    0.02    19.0    20.5   10.5   -    -     0.78
 27   3  70   1 0.192      20    0.96    0.98    0.02    19.0    20.5   10.5   -    -     0.79
 27   3  70   1 0.192      20    0.96    0.98    0.02    19.0    20.5   10.5   -    -     0.80
 27   3  70   1 0.192      20    0.96    0.98    0.02    19.0    20.5   10.5   -    -     0.81
 27   3  70   1 0.192      20    0.96    0.98    0.02    19.0    20.5   10.5   -    -     0.82
 27   3  70   1 0.191      20    0.96    0.98    0.02    18.9    20.5   10.5   -    -     0.83
 27   3  70   1 0.188      20    0.96    0.98    0.02    18.6    20.5   10.5   -    -     0.84
 27   4  69   2 0.187      20    0.97    0.98    0.01    18.5    20.5   10.5   -    -     0.85
 27   6  67   2 0.186      20    0.97    0.98    0.01    18.4    20.5   10.5   -    -     0.86
 27   6  67   2 0.183      20    0.97    0.98    0.01    18.2    18.5   10.5   -    -     0.87
 27   6  67   2 0.181      20    0.97    0.98    0.01    17.9    18.5   10.5   -    -     0.88
 27   6  67   2 0.177      20    0.97    0.98    0.01    17.5    17.5   10.5   -    -     0.89
 27   6  67   2 0.173      20    0.97    0.98    0.01    17.1    17.5   10.5   -    -     0.90
 27   6  67   2 0.169      20    0.97    0.98    0.01    16.8    16.5   10.5   -    -     0.91
 27   6  67   2 0.166      20    0.97    0.98    0.01    16.4    16.5   11.5   -    -     0.92
 27   6  67   2 0.162      20    0.98    0.98    0.01    16.0    16.5   11.5   -    -     0.93
 27   6  67   2 0.158      20    0.98    0.98    0.01    15.7    16.5   13.5   -    -     0.94
 27   6  67   2 0.154      20    0.98    0.98    0.01    15.3    16.5   14.5   -    -     0.95
 27   6  67   2 0.147      20    0.98    0.98    0.01    14.6    16.5   19.5   -    -     0.96
 27   9  64   5 0.134      17    0.98    0.98    0.00    13.2    13.5   21.5   -    -     0.97
 26  23  51  21 0.076      14    0.98    0.98    0.00     7.5     5.5   14.5   -    -     0.98
  0 100   0 100 0.000       1    0.00    0.00    0.00     0.0     0.5    0.5   -    -     0.99
---------------------------------------------------------------------------------------------
