-------------------------------------------------------------------------------
 L       Percentage of nodes in the largest component
 D       Percentage of nodes in components of size at most 3 [-div option]
 R       Percentage of nodes not in L or D: 100 - L -D
 S       Percentage of nodes that are singletons
 E       Fraction of edges retained (input graph has 9900)
 cce     Expected size of component, nodewise [ sum(sz^2) / sum^2(sz) ]
 EW      Edge weight traits (mean, median and IQR)
 ND      Node degree traits [mean, median and IQR]
 CCF     Clustering coefficient (scale 1-100)
 eff     Induced component efficiency relative to start graph (scale 1-1000)
Total number of nodes: 100
----------------------------------------------------------------------------------------------
  L   D   R   S     E     cce  EWmean   EWmed   EWiqr  NDmean   NDmed  NDiqr CCF  eff  Cutoff 
----------------------------------------------------------------------------------------------
100   0   0   0 0.988     100    0.73    0.69    0.23    97.8    98.5    1.5   -    -     0.50
100   0   0   0 0.988     100    0.73    0.69    0.23    97.8    98.5    1.5   -    -     0.51
100   0   0   0 0.988     100    0.73    0.69    0.23    97.8    98.5    1.5   -    -     0.52
100   0   0   0 0.988     100    0.73    0.69    0.23    97.8    98.5    1.5   -    -     0.53
100   0   0   0 0.988     100    0.73    0.69    0.23    97.8    98.5    1.5   -    -     0.54
100   0   0   0 0.988     100    0.73    0.69    0.23    97.8    98.5    1.5   -    -     0.55
100   0   0   0 0.988     100    0.73    0.69    0.23    97.8    98.5    1.5   -    -     0.56
100   0   0   0 0.974     100    0.73    0.69    0.23    96.4    98.5    1.5   -    -     0.57
100   0   0   0 0.972     100    0.73    0.69    0.24    96.3    98.5    1.5   -    -     0.58
100   0   0   0 0.967     100    0.73    0.69    0.24    95.7    98.5    1.5   -    -     0.59
 99   1   0   1 0.833      98    0.76    0.69    0.33    82.5    80.5   22.5   -    -     0.60
 99   1   0   1 0.695      98    0.79    0.70    0.30    68.8    61.5   11.5   -    -     0.61
 99   1   0   1 0.661      98    0.79    0.70    0.29    65.4    58.5    2.5   -    -     0.62
 99   1   0   1 0.651      98    0.80    0.70    0.29    64.4    58.5    2.5   -    -     0.63
 99   1   0   1 0.611      98    0.81    0.71    0.29    60.5    58.5    8.5   -    -     0.64
 99   1   0   1 0.562      98    0.82    0.75    0.28    55.6    58.5   18.5   -    -     0.65
 99   1   0   1 0.559      98    0.82    0.75    0.28    55.4    58.5   18.5   -    -     0.66
 99   1   0   1 0.543      98    0.83    0.76    0.28    53.8    58.5   16.5   -    -     0.67
 99   1   0   1 0.514      98    0.84    0.81    0.28    50.9    58.5   19.5   -    -     0.68
 99   1   0   1 0.467      98    0.85    0.91    0.28    46.3    48.5   21.5   -    -     0.69
 99   1   0   1 0.357      98    0.90    0.98    0.22    35.3    37.5   14.5   -    -     0.70
 99   1   0   1 0.303      98    0.93    0.98    0.04    30.0    29.5   16.5   -    -     0.71
 61   1  38   1 0.300      52    0.94    0.98    0.02    29.7    28.5   16.5   -    -     0.72
 61   1  38   1 0.296      52    0.94    0.98    0.02    29.3    27.5   16.5   -    -     0.73
 61   1  38   1 0.296      52    0.94    0.98    0.02    29.3    27.5   16.5   -    -     0.74
 61   1  38   1 0.286      52    0.95    0.98    0.01    28.3    26.5   16.5   -    -     0.75
 61   1  38   1 0.270      52    0.96    0.98    0.01    26.7    21.5   17.5   -    -     0.76
 61   1  38   1 0.266      52    0.96    0.98    0.01    26.3    21.5   18.5   -    -     0.77
 40   1  59   1 0.265      35    0.96    0.98    0.01    26.2    20.5   18.5   -    -     0.78
 40   1  59   1 0.263      35    0.96    0.98    0.01    26.0    20.5   18.5   -    -     0.79
 40   1  59   1 0.261      35    0.96    0.98    0.01    25.8    20.5   18.5   -    -     0.80
 40   1  59   1 0.259      35    0.96    0.98    0.01    25.6    20.5   18.5   -    -     0.81
 38   1  61   1 0.255      27    0.97    0.98    0.01    25.2    20.5   18.5   -    -     0.82
 38   1  61   1 0.249      27    0.97    0.98    0.01    24.6    20.5   18.5   -    -     0.83
 38   1  61   1 0.245      27    0.97    0.98    0.01    24.2    20.5   20.5   -    -     0.84
 38   1  61   1 0.241      27    0.97    0.98    0.01    23.9    20.5   20.5   -    -     0.85
 38   1  61   1 0.239      27    0.98    0.98    0.01    23.6    20.5   20.5   -    -     0.86
 38   3  59   1 0.238      26    0.98    0.98    0.01    23.6    20.5   20.5   -    -     0.87
 38   3  59   1 0.237      26    0.98    0.98    0.01    23.5    20.5   20.5   -    -     0.88
 38   3  59   1 0.237      26    0.98    0.98    0.01    23.4    20.5   20.5   -    -     0.89
 38   3  59   1 0.236      26    0.98    0.98    0.01    23.4    20.5   20.5   -    -     0.90
 38   3  59   1 0.234      26    0.98    0.98    0.01    23.1    20.5   21.5   -    -     0.91
 38   3  59   1 0.232      26    0.98    0.98    0.01    22.9    20.5   21.5   -    -     0.92
 38   3  59   1 0.230      24    0.98    0.98    0.01    22.8    20.5   21.5   -    -     0.93
 38   3  59   1 0.229      24    0.98    0.98    0.01    22.6    20.5   22.5   -    -     0.94
 38   3  59   1 0.227      24    0.98    0.98    0.01    22.4    20.5   22.5   -    -     0.95
 38   5  57   3 0.224      24    0.98    0.98    0.01    22.1    20.5   24.5   -    -     0.96
 38   7  55   5 0.213      23    0.98    0.98    0.00    21.0    19.5   28.5   -    -     0.97
 38  15  47  13 0.100      21    0.98    0.98    0.00     9.9     6.5   15.5   -    -     0.98
  0 100   0 100 0.000       1    0.00    0.00    0.00     0.0     0.5    0.5   -    -     0.99
---------------------------------------------------------------------------------------------
