1 1 (0) 1 : 0.488735000 0.196844000 0.000099991 0.138416000 0.175904000
2 2 (0) 1 : 0.496028000 0.179758000 0.000099991 0.147286000 0.176828000
3 3 (0) 1 : 0.426975000 0.353180000 0.000099991 0.069513200 0.150232000
4 4 (0) 1 : 0.427382000 0.328890000 0.000099991 0.106691000 0.136937000
5 5 (0) 2 : 0.683024000 0.000099982 0.024727100 0.000099982 0.292049000
6 6 (0) 2 : 0.643739000 0.000099973 0.000099973 0.000099973 0.355961000
7 7 (0) 2 : 0.665292000 0.000099973 0.000099973 0.000099973 0.334408000
8 8 (0) 2 : 0.675935000 0.000099982 0.029578100 0.000099982 0.294286000
9 9 (0) 3 : 0.000099970 0.000099970 0.000099970 0.000099970 0.999600000
10 10 (0) 3 : 0.000099970 0.000099970 0.000099970 0.000099970 0.999600000
11 11 (0) 3 : 0.000099970 0.000099970 0.000099970 0.000099970 0.999600000
12 12 (0) 3 : 0.083073300 0.030636500 0.000099991 0.060473500 0.825717000
13 13 (0) 4 : 0.960555000 0.016796900 0.000099991 0.012828700 0.009719720
14 14 (0) 4 : 0.999600000 0.000099970 0.000099970 0.000099970 0.000099970
15 15 (0) 4 : 0.999600000 0.000099970 0.000099970 0.000099970 0.000099970
16 16 (0) 4 : 0.999600000 0.000099970 0.000099970 0.000099970 0.000099970
17 17 (0) 5 : 0.039360700 0.000099982 0.000099982 0.944383000 0.016056500
18 18 (0) 5 : 0.058469400 0.000099982 0.000099982 0.933288000 0.008042750
19 19 (0) 5 : 0.068249400 0.000099982 0.000099982 0.914007000 0.017543200
20 20 (0) 5 : 0.047371200 0.000099982 0.000099982 0.931747000 0.020682200
21 21 (0) 6 : 0.000099982 0.037938000 0.061498900 0.900363000 0.000099982
22 22 (0) 6 : 0.000099982 0.036532100 0.041959800 0.921308000 0.000099982
23 23 (0) 6 : 0.000099982 0.018505000 0.022180200 0.959115000 0.000099982
24 24 (0) 6 : 0.000099982 0.026094800 0.037566500 0.936139000 0.000099982
25 25 (0) 7 : 0.001325710 0.025519100 0.022152500 0.694753000 0.256250000
26 26 (0) 7 : 0.000099991 0.105241000 0.015516400 0.711717000 0.167425000
27 27 (0) 7 : 0.000099991 0.077478800 0.020751300 0.720890000 0.180780000
28 28 (0) 7 : 0.000099991 0.033676500 0.025838100 0.695617000 0.244768000
29 29 (0) 8 : 0.000099982 0.105475000 0.120313000 0.774012000 0.000099982
30 30 (0) 8 : 0.059500300 0.055792000 0.076765800 0.807842000 0.000099991
31 31 (0) 8 : 0.000099982 0.098748500 0.061128400 0.839923000 0.000099982
32 32 (0) 8 : 0.000099982 0.101539000 0.073929100 0.824332000 0.000099982
33 33 (0) 9 : 0.662306000 0.000099982 0.048928400 0.288566000 0.000099982
34 34 (0) 9 : 0.667173000 0.000099982 0.030766000 0.301861000 0.000099982
35 35 (0) 9 : 0.672426000 0.000099982 0.022141300 0.305233000 0.000099982
36 36 (0) 9 : 0.641990000 0.000099982 0.041610000 0.316200000 0.000099982
37 37 (0) 10 : 0.019560900 0.918698000 0.024127800 0.000099991 0.037513400
38 38 (0) 10 : 0.000099970 0.999600000 0.000099970 0.000099970 0.000099970
39 39 (0) 10 : 0.028082000 0.949744000 0.003679710 0.014115000 0.004379410
40 40 (0) 10 : 0.000099970 0.999600000 0.000099970 0.000099970 0.000099970
41 41 (0) 11 : 0.000099982 0.350053000 0.636211000 0.013536100 0.000099982
42 42 (0) 11 : 0.000099982 0.688923000 0.198827000 0.112050000 0.000099982
43 43 (0) 11 : 0.000099982 0.721449000 0.172447000 0.105904000 0.000099982
44 44 (0) 11 : 0.019547100 0.446237000 0.321858000 0.183371000 0.028986300
45 45 (0) 12 : 0.004389320 0.000099973 0.995311000 0.000099973 0.000099973
46 46 (0) 12 : 0.000099970 0.000099970 0.999600000 0.000099970 0.000099970
47 47 (0) 12 : 0.000099970 0.000099970 0.999600000 0.000099970 0.000099970
48 48 (0) 12 : 0.000099970 0.000099970 0.999600000 0.000099970 0.000099970
1 1 (0) 1 : 0.210764000 0.141363000 0.000099991 0.495091000 0.152682000
2 2 (0) 1 : 0.193000000 0.146324000 0.000099991 0.499268000 0.161309000
3 3 (0) 1 : 0.340027000 0.136458000 0.000099991 0.448305000 0.075110200
4 4 (0) 1 : 0.308735000 0.111099000 0.000099991 0.462133000 0.117933000
5 5 (0) 2 : 0.000099982 0.267967000 0.028402700 0.703430000 0.000099982
6 6 (0) 2 : 0.000099973 0.362485000 0.000099973 0.637215000 0.000099973
7 7 (0) 2 : 0.000099973 0.325785000 0.000099973 0.673915000 0.000099973
8 8 (0) 2 : 0.000099982 0.275553000 0.017568800 0.706678000 0.000099982
9 9 (0) 3 : 0.000099970 0.999600000 0.000099970 0.000099970 0.000099970
10 10 (0) 3 : 0.000099970 0.999600000 0.000099970 0.000099970 0.000099970
11 11 (0) 3 : 0.000099970 0.999600000 0.000099970 0.000099970 0.000099970
12 12 (0) 3 : 0.043754400 0.789239000 0.000099991 0.096389200 0.070517000
13 13 (0) 4 : 0.006011880 0.022894100 0.000099982 0.970894000 0.000099982
14 14 (0) 4 : 0.000099970 0.000099970 0.000099970 0.999600000 0.000099970
15 15 (0) 4 : 0.000099970 0.000099970 0.000099970 0.999600000 0.000099970
16 16 (0) 4 : 0.000099970 0.000099970 0.000099970 0.999600000 0.000099970
17 17 (0) 5 : 0.000099982 0.004836040 0.000099982 0.054834900 0.940129000
18 18 (0) 5 : 0.000099982 0.009201060 0.000099982 0.073647000 0.916952000
19 19 (0) 5 : 0.000099982 0.027660300 0.000099982 0.064417100 0.907723000
20 20 (0) 5 : 0.000099982 0.026970300 0.000099982 0.075767000 0.897063000
21 21 (0) 6 : 0.032453900 0.000099982 0.059215100 0.000099982 0.908131000
22 22 (0) 6 : 0.028149100 0.000099982 0.050231900 0.000099982 0.921419000
23 23 (0) 6 : 0.000099973 0.000099973 0.037293500 0.000099973 0.962407000
24 24 (0) 6 : 0.002347600 0.000099982 0.044469900 0.000099982 0.952983000
25 25 (0) 7 : 0.034440000 0.239319000 0.002645800 0.000099991 0.723495000
26 26 (0) 7 : 0.123604000 0.168061000 0.000099982 0.000099982 0.708135000
27 27 (0) 7 : 0.088327900 0.165368000 0.004575240 0.000099991 0.741629000
28 28 (0) 7 : 0.047356800 0.242164000 0.023964800 0.000099991 0.686414000
29 29 (0) 8 : 0.124990000 0.000099982 0.125673000 0.000099982 0.749137000
30 30 (0) 8 : 0.074283700 0.000099991 0.056979000 0.022908700 0.845729000
31 31 (0) 8 : 0.129680000 0.000099982 0.051051600 0.000099982 0.819068000
32 32 (0) 8 : 0.124052000 0.000099982 0.028073600 0.000099982 0.847674000
33 33 (0) 9 : 0.000099982 0.000099982 0.055991100 0.637327000 0.306482000
34 34 (0) 9 : 0.000099982 0.000099982 0.043294800 0.664510000 0.291995000
35 35 (0) 9 : 0.000099982 0.000099982 0.037593800 0.689269000 0.272938000
36 36 (0) 9 : 0.000099982 0.000099982 0.049075100 0.676543000 0.274182000
37 37 (0) 10 : 0.916365000 0.023519100 0.026322000 0.014494500 0.019299500
38 38 (0) 10 : 0.999600000 0.000099970 0.000099970 0.000099970 0.000099970
39 39 (0) 10 : 0.910825000 0.008863870 0.013757900 0.045122500 0.021431000
40 40 (0) 10 : 0.999600000 0.000099970 0.000099970 0.000099970 0.000099970
41 41 (0) 11 : 0.324346000 0.000099982 0.633057000 0.000099982 0.042397700
42 42 (0) 11 : 0.699299000 0.000099982 0.191336000 0.000099982 0.109165000
43 43 (0) 11 : 0.736022000 0.000099982 0.161259000 0.000099982 0.102519000
44 44 (0) 11 : 0.458248000 0.020025400 0.312074000 0.016009300 0.193643000
45 45 (0) 12 : 0.000099970 0.000099970 0.999600000 0.000099970 0.000099970
46 46 (0) 12 : 0.000099970 0.000099970 0.999600000 0.000099970 0.000099970
47 47 (0) 12 : 0.000099970 0.000099970 0.999600000 0.000099970 0.000099970
48 48 (0) 12 : 0.000099970 0.000099970 0.999600000 0.000099970 0.000099970
1 1 (0) 1 : 0.474024000 0.000099991 0.140949000 0.203239000 0.181688000
2 2 (0) 1 : 0.484332000 0.000099991 0.135291000 0.204090000 0.176187000
3 3 (0) 1 : 0.409959000 0.000099991 0.083139500 0.372776000 0.134025000
4 4 (0) 1 : 0.430471000 0.000099991 0.105591000 0.348720000 0.115118000
5 5 (0) 2 : 0.625171000 0.022611000 0.000099991 0.001142460 0.350975000
6 6 (0) 2 : 0.596162000 0.000099973 0.000099973 0.000099973 0.403538000
7 7 (0) 2 : 0.617729000 0.000099973 0.000099973 0.000099973 0.381971000
8 8 (0) 2 : 0.631239000 0.028880500 0.000099982 0.000099982 0.339681000
9 9 (0) 3 : 0.000099970 0.000099970 0.000099970 0.000099970 0.999600000
10 10 (0) 3 : 0.000099970 0.000099970 0.000099970 0.000099970 0.999600000
11 11 (0) 3 : 0.000099970 0.000099970 0.000099970 0.000099970 0.999600000
12 12 (0) 3 : 0.081883700 0.000099991 0.043978500 0.058692800 0.815345000
13 13 (0) 4 : 0.951932000 0.000099991 0.003399280 0.025387800 0.019180900
14 14 (0) 4 : 0.999600000 0.000099970 0.000099970 0.000099970 0.000099970
15 15 (0) 4 : 0.999600000 0.000099970 0.000099970 0.000099970 0.000099970
16 16 (0) 4 : 0.999600000 0.000099970 0.000099970 0.000099970 0.000099970
17 17 (0) 5 : 0.047966700 0.000099982 0.923004000 0.000099982 0.028829800
18 18 (0) 5 : 0.077165800 0.000099982 0.895233000 0.000099982 0.027401100
19 19 (0) 5 : 0.065188200 0.000099982 0.903679000 0.000099982 0.030932900
20 20 (0) 5 : 0.078226800 0.000099982 0.883546000 0.000099982 0.038026800
21 21 (0) 6 : 0.000099982 0.059296600 0.917765000 0.022738700 0.000099982
22 22 (0) 6 : 0.000099982 0.051128400 0.925794000 0.022877100 0.000099982
23 23 (0) 6 : 0.000099973 0.029136300 0.970564000 0.000099973 0.000099973
24 24 (0) 6 : 0.000099973 0.043542200 0.956158000 0.000099973 0.000099973
25 25 (0) 7 : 0.000099991 0.013702800 0.710109000 0.018558400 0.257530000
26 26 (0) 7 : 0.000099982 0.000099982 0.725471000 0.107085000 0.167244000
27 27 (0) 7 : 0.000099982 0.000099982 0.730802000 0.085881900 0.183117000
28 28 (0) 7 : 0.000099991 0.022517400 0.680357000 0.027168200 0.269858000
29 29 (0) 8 : 0.000099982 0.129149000 0.792741000 0.077909400 0.000099982
30 30 (0) 8 : 0.028794700 0.068314600 0.837435000 0.065355900 0.000099991
31 31 (0) 8 : 0.000099982 0.061844400 0.877159000 0.060796400 0.000099982
32 32 (0) 8 : 0.000099982 0.043604700 0.882429000 0.073766000 0.000099982
33 33 (0) 9 : 0.661108000 0.060196800 0.278495000 0.000099982 0.000099982
34 34 (0) 9 : 0.707874000 0.024436400 0.267489000 0.000099982 0.000099982
35 35 (0) 9 : 0.701887000 0.020117500 0.277795000 0.000099982 0.000099982
36 36 (0) 9 : 0.671101000 0.042703500 0.285995000 0.000099982 0.000099982
37 37 (0) 10 : 0.002447120 0.024375300 0.029239000 0.926216000 0.017722200
38 38 (0) 10 : 0.000099970 0.000099970 0.000099970 0.999600000 0.000099970
39 39 (0) 10 : 0.029801300 0.013726700 0.002579380 0.948183000 0.005709650
40 40 (0) 10 : 0.000099970 0.000099970 0.000099970 0.999600000 0.000099970
41 41 (0) 11 : 0.000099982 0.606525000 0.032691800 0.360583000 0.000099982
42 42 (0) 11 : 0.000099982 0.188553000 0.117213000 0.694034000 0.000099982
43 43 (0) 11 : 0.000099982 0.165286000 0.108133000 0.726381000 0.000099982
44 44 (0) 11 : 0.011902500 0.284335000 0.193846000 0.477851000 0.032064800
45 45 (0) 12 : 0.000099970 0.999600000 0.000099970 0.000099970 0.000099970
46 46 (0) 12 : 0.000099970 0.999600000 0.000099970 0.000099970 0.000099970
47 47 (0) 12 : 0.000099970 0.999600000 0.000099970 0.000099970 0.000099970
48 48 (0) 12 : 0.000099970 0.999600000 0.000099970 0.000099970 0.000099970
1 1 (0) 1 : 0.1283530000 0.1928030000 0.4619470000 0.000099991 0.2167970000
2 2 (0) 1 : 0.1298530000 0.1972700000 0.4706890000 0.000099991 0.2020880000
3 3 (0) 1 : 0.0827419000 0.3304560000 0.4267910000 0.000099991 0.1599110000
4 4 (0) 1 : 0.1352470000 0.3327050000 0.4022430000 0.000099991 0.1297050000
5 5 (0) 2 : 0.0000999820 0.0000999820 0.6353200000 0.028911600 0.3355690000
6 6 (0) 2 : 0.0000999730 0.0000999730 0.6067900000 0.000099973 0.3929100000
7 7 (0) 2 : 0.0000999820 0.0000999820 0.6108450000 0.003307230 0.3856480000
8 8 (0) 2 : 0.0000999820 0.0000999820 0.6463260000 0.027412800 0.3260610000
9 9 (0) 3 : 0.0000999700 0.0000999700 0.0000999700 0.000099970 0.9996000000
10 10 (0) 3 : 0.0000999700 0.0000999700 0.0000999700 0.000099970 0.9996000000
11 11 (0) 3 : 0.0000999700 0.0000999700 0.0000999700 0.000099970 0.9996000000
12 12 (0) 3 : 0.0556686000 0.0575500000 0.0874939000 0.000099991 0.7991870000
13 13 (0) 4 : 0.0000999820 0.0080568600 0.9824180000 0.000099982 0.0093251000
14 14 (0) 4 : 0.0000999700 0.0000999700 0.9996000000 0.000099970 0.0000999700
15 15 (0) 4 : 0.0000999700 0.0000999700 0.9996000000 0.000099970 0.0000999700
16 16 (0) 4 : 0.0000999700 0.0000999700 0.9996000000 0.000099970 0.0000999700
17 17 (0) 5 : 0.9305170000 0.0000999820 0.0223372000 0.000099982 0.0469457000
18 18 (0) 5 : 0.9415250000 0.0000999820 0.0358210000 0.000099982 0.0224538000
19 19 (0) 5 : 0.9473350000 0.0000999820 0.0187608000 0.000099982 0.0337039000
20 20 (0) 5 : 0.9218310000 0.0000999820 0.0477423000 0.000099982 0.0302272000
21 21 (0) 6 : 0.8898950000 0.0338382000 0.0000999820 0.076066700 0.0000999820
22 22 (0) 6 : 0.8829250000 0.0471208000 0.0000999820 0.069754400 0.0000999820
23 23 (0) 6 : 0.9444130000 0.0074900000 0.0000999820 0.047896800 0.0000999820
24 24 (0) 6 : 0.9284130000 0.0102577000 0.0000999820 0.061129100 0.0000999820
25 25 (0) 7 : 0.6842360000 0.0386739000 0.0000999910 0.012507400 0.2644830000
26 26 (0) 7 : 0.7007980000 0.1303740000 0.0000999910 0.002536040 0.1661920000
27 27 (0) 7 : 0.6827350000 0.1232170000 0.0000999910 0.001334210 0.1926140000
28 28 (0) 7 : 0.6541500000 0.0524619000 0.0000999910 0.024871600 0.2684160000
29 29 (0) 8 : 0.7625560000 0.1420970000 0.0000999820 0.095147400 0.0000999820
30 30 (0) 8 : 0.8135240000 0.0982478000 0.0296033000 0.058525000 0.0000999910
31 31 (0) 8 : 0.8206310000 0.1211030000 0.0000999820 0.058066700 0.0000999820
32 32 (0) 8 : 0.8319370000 0.1335530000 0.0000999820 0.034309600 0.0000999820
33 33 (0) 9 : 0.3139370000 0.0000999820 0.6362760000 0.049586400 0.0000999820
34 34 (0) 9 : 0.3152340000 0.0000999820 0.6641250000 0.020440200 0.0000999820
35 35 (0) 9 : 0.3013140000 0.0000999820 0.6747360000 0.023750300 0.0000999820
36 36 (0) 9 : 0.2750080000 0.0000999820 0.6852060000 0.039585600 0.0000999820
37 37 (0) 10 : 0.0211854000 0.9065950000 0.0259766000 0.030391100 0.0158522000
38 38 (0) 10 : 0.0000999700 0.9996000000 0.0000999700 0.000099970 0.0000999700
39 39 (0) 10 : 0.0000999820 0.9472590000 0.0427583000 0.000099982 0.0097828200
40 40 (0) 10 : 0.0000999700 0.9996000000 0.0000999700 0.000099970 0.0000999700
41 41 (0) 11 : 0.0290711000 0.3610360000 0.0000999820 0.609693000 0.0000999820
42 42 (0) 11 : 0.0903473000 0.7465720000 0.0000999820 0.162881000 0.0000999820
43 43 (0) 11 : 0.0935983000 0.7614900000 0.0000999820 0.144711000 0.0000999820
44 44 (0) 11 : 0.1813060000 0.5013730000 0.0231096000 0.268700000 0.0255109000
45 45 (0) 12 : 0.0000999700 0.0000999700 0.0000999700 0.999600000 0.0000999700
46 46 (0) 12 : 0.0000999700 0.0000999700 0.0000999700 0.999600000 0.0000999700
47 47 (0) 12 : 0.0000999700 0.0000999700 0.0000999700 0.999600000 0.0000999700
48 48 (0) 12 : 0.0000999701 0.0000999701 0.0000999701 0.999600000 0.0000999701
1 1 (0) 1 : 0.136512000 0.179304000 0.468450000 0.000099991 0.215634000
2 2 (0) 1 : 0.137552000 0.181397000 0.466371000 0.000099991 0.214580000
3 3 (0) 1 : 0.120797000 0.169797000 0.377719000 0.000099991 0.331587000
4 4 (0) 1 : 0.138617000 0.155199000 0.381825000 0.000099991 0.324260000
5 5 (0) 2 : 0.000099982 0.356926000 0.625502000 0.017371900 0.000099982
6 6 (0) 2 : 0.000099973 0.404303000 0.595397000 0.000099973 0.000099973
7 7 (0) 2 : 0.000099973 0.379816000 0.619884000 0.000099973 0.000099973
8 8 (0) 2 : 0.000099982 0.340652000 0.637005000 0.022142600 0.000099982
9 9 (0) 3 : 0.000099970 0.999600000 0.000099970 0.000099970 0.000099970
10 10 (0) 3 : 0.000099970 0.999600000 0.000099970 0.000099970 0.000099970
11 11 (0) 3 : 0.000099970 0.999600000 0.000099970 0.000099970 0.000099970
12 12 (0) 3 : 0.086446800 0.822877000 0.035127700 0.000099991 0.055448000
13 13 (0) 4 : 0.005650900 0.036218300 0.944790000 0.000099991 0.013241200
14 14 (0) 4 : 0.000099970 0.000099970 0.999600000 0.000099970 0.000099970
15 15 (0) 4 : 0.000099970 0.000099970 0.999600000 0.000099970 0.000099970
16 16 (0) 4 : 0.000099970 0.000099970 0.999600000 0.000099970 0.000099970
17 17 (0) 5 : 0.965889000 0.033811300 0.000099973 0.000099973 0.000099973
18 18 (0) 5 : 0.950574000 0.023420100 0.025806300 0.000099982 0.000099982
19 19 (0) 5 : 0.968661000 0.029072800 0.002066680 0.000099982 0.000099982
20 20 (0) 5 : 0.934967000 0.052478500 0.012354800 0.000099982 0.000099982
21 21 (0) 6 : 0.868545000 0.000099982 0.000099982 0.039994200 0.091261200
22 22 (0) 6 : 0.902811000 0.000099982 0.000099982 0.041386000 0.055603100
23 23 (0) 6 : 0.925992000 0.000099982 0.000099982 0.031009700 0.042798600
24 24 (0) 6 : 0.924764000 0.000099982 0.000099982 0.025089500 0.049946600
25 25 (0) 7 : 0.692056000 0.249754000 0.000099991 0.005741860 0.052348600
26 26 (0) 7 : 0.706014000 0.172775000 0.000099982 0.000099982 0.121011000
27 27 (0) 7 : 0.720339000 0.178596000 0.000099991 0.008271860 0.092693000
28 28 (0) 7 : 0.679797000 0.247267000 0.000099991 0.026615300 0.046221000
29 29 (0) 8 : 0.731495000 0.000099982 0.000099982 0.115383000 0.152923000
30 30 (0) 8 : 0.792348000 0.000099991 0.055536600 0.055877800 0.096137400
31 31 (0) 8 : 0.826837000 0.000099982 0.000099982 0.061134300 0.111829000
32 32 (0) 8 : 0.824119000 0.000099982 0.000099982 0.047825100 0.127856000
33 33 (0) 9 : 0.303680000 0.000099982 0.653662000 0.042458200 0.000099982
34 34 (0) 9 : 0.285584000 0.000099982 0.683227000 0.030988900 0.000099982
35 35 (0) 9 : 0.292262000 0.000099982 0.687996000 0.019542400 0.000099982
36 36 (0) 9 : 0.293328000 0.000099982 0.667344000 0.039128000 0.000099982
37 37 (0) 10 : 0.024824700 0.031656400 0.000099991 0.037413100 0.906006000
38 38 (0) 10 : 0.000099970 0.000099970 0.000099970 0.000099970 0.999600000
39 39 (0) 10 : 0.000099991 0.009578760 0.030679300 0.026323400 0.933319000
40 40 (0) 10 : 0.000099970 0.000099970 0.000099970 0.000099970 0.999600000
41 41 (0) 11 : 0.001101030 0.000099982 0.000099982 0.626321000 0.372378000
42 42 (0) 11 : 0.113942000 0.000099982 0.000099982 0.165688000 0.720170000
43 43 (0) 11 : 0.097239000 0.000099982 0.000099982 0.157669000 0.744892000
44 44 (0) 11 : 0.157270000 0.038944400 0.021264700 0.309552000 0.472970000
45 45 (0) 12 : 0.000099970 0.000099970 0.000099970 0.999600000 0.000099970
46 46 (0) 12 : 0.000099970 0.000099970 0.000099970 0.999600000 0.000099970
47 47 (0) 12 : 0.000099970 0.000099970 0.000099970 0.999600000 0.000099970
48 48 (0) 12 : 0.000099970 0.000099970 0.000099970 0.999600000 0.000099970
1 1 (0) 1 : 0.191183000 0.000099991 0.475748000 0.125071000 0.207899000
2 2 (0) 1 : 0.183739000 0.000099991 0.469133000 0.140204000 0.206823000
3 3 (0) 1 : 0.163948000 0.000099991 0.433191000 0.058714500 0.344046000
4 4 (0) 1 : 0.129677000 0.000099991 0.427965000 0.113963000 0.328295000
5 5 (0) 2 : 0.340824000 0.018252300 0.635545000 0.000099991 0.005278200
6 6 (0) 2 : 0.398443000 0.000099973 0.601257000 0.000099973 0.000099973
7 7 (0) 2 : 0.385065000 0.000099973 0.614635000 0.000099973 0.000099973
8 8 (0) 2 : 0.325665000 0.009013620 0.665121000 0.000099982 0.000099982
9 9 (0) 3 : 0.999600000 0.000099970 0.000099970 0.000099970 0.000099970
10 10 (0) 3 : 0.999600000 0.000099970 0.000099970 0.000099970 0.000099970
11 11 (0) 3 : 0.999600000 0.000099970 0.000099970 0.000099970 0.000099970
12 12 (0) 3 : 0.809965000 0.000099991 0.080683800 0.054597100 0.054654600
13 13 (0) 4 : 0.020454500 0.000099991 0.959848000 0.002908670 0.016689300
14 14 (0) 4 : 0.000099970 0.000099970 0.999600000 0.000099970 0.000099970
15 15 (0) 4 : 0.000099970 0.000099970 0.999600000 0.000099970 0.000099970
16 16 (0) 4 : 0.000099970 0.000099970 0.999600000 0.000099970 0.000099970
17 17 (0) 5 : 0.014630800 0.000099982 0.003497570 0.981672000 0.000099982
18 18 (0) 5 : 0.015364700 0.000099982 0.032325500 0.952110000 0.000099982
19 19 (0) 5 : 0.028626700 0.000099973 0.000099973 0.971073000 0.000099973
20 20 (0) 5 : 0.025304200 0.000099982 0.032547400 0.941948000 0.000099982
21 21 (0) 6 : 0.000099982 0.049740400 0.000099982 0.857829000 0.092230100
22 22 (0) 6 : 0.000099982 0.034063600 0.000099982 0.884317000 0.081419000
23 23 (0) 6 : 0.000099982 0.019233200 0.000099982 0.936384000 0.044182600
24 24 (0) 6 : 0.000099982 0.023988200 0.000099982 0.926920000 0.048891500
25 25 (0) 7 : 0.255149000 0.006298830 0.000099991 0.675756000 0.062695500
26 26 (0) 7 : 0.176093000 0.000099982 0.000099982 0.678269000 0.145438000
27 27 (0) 7 : 0.186683000 0.000099982 0.000099982 0.703969000 0.109148000
28 28 (0) 7 : 0.263859000 0.013914700 0.000099991 0.660577000 0.061549100
29 29 (0) 8 : 0.000099982 0.112990000 0.000099982 0.741324000 0.145486000
30 30 (0) 8 : 0.000099991 0.040522100 0.041467200 0.796309000 0.121602000
31 31 (0) 8 : 0.000099982 0.044875300 0.000099982 0.808306000 0.146619000
32 32 (0) 8 : 0.000099982 0.035213300 0.000099982 0.820027000 0.144559000
33 33 (0) 9 : 0.000099982 0.048090300 0.641320000 0.310389000 0.000099982
34 34 (0) 9 : 0.000099982 0.027425100 0.679976000 0.292399000 0.000099982
35 35 (0) 9 : 0.000099982 0.025894400 0.661670000 0.312236000 0.000099982
36 36 (0) 9 : 0.000099982 0.043321500 0.668103000 0.288376000 0.000099982
37 37 (0) 10 : 0.024760600 0.012403200 0.011315700 0.006053420 0.945467000
38 38 (0) 10 : 0.000099970 0.000099970 0.000099970 0.000099970 0.999600000
39 39 (0) 10 : 0.008731880 0.015068500 0.039126500 0.020167700 0.916905000
40 40 (0) 10 : 0.000099970 0.000099970 0.000099970 0.000099970 0.999600000
41 41 (0) 11 : 0.000099982 0.599430000 0.000099982 0.014594400 0.385775000
42 42 (0) 11 : 0.000099982 0.150115000 0.000099982 0.087716000 0.761969000
43 43 (0) 11 : 0.000099982 0.151668000 0.000099982 0.065533300 0.782599000
44 44 (0) 11 : 0.036093000 0.286834000 0.001987700 0.171074000 0.504011000
45 45 (0) 12 : 0.000099970 0.999600000 0.000099970 0.000099970 0.000099970
46 46 (0) 12 : 0.000099970 0.999600000 0.000099970 0.000099970 0.000099970
47 47 (0) 12 : 0.000099970 0.999600000 0.000099970 0.000099970 0.000099970
48 48 (0) 12 : 0.000099970 0.999600000 0.000099970 0.000099970 0.000099970
1 1 (0) 1 : 0.196631000 0.182304000 0.469726000 0.151239000 0.000099991
2 2 (0) 1 : 0.206680000 0.155851000 0.488436000 0.148934000 0.000099991
3 3 (0) 1 : 0.354020000 0.120763000 0.423432000 0.101685000 0.000099991
4 4 (0) 1 : 0.333228000 0.134052000 0.413743000 0.118876000 0.000099991
5 5 (0) 2 : 0.000099982 0.317245000 0.664177000 0.000099982 0.018378000
6 6 (0) 2 : 0.000099990 0.385075000 0.612143000 0.002211730 0.000470258
7 7 (0) 2 : 0.000099973 0.368435000 0.631265000 0.000099973 0.000099973
8 8 (0) 2 : 0.000099982 0.306925000 0.663897000 0.000099982 0.028977400
9 9 (0) 3 : 0.000099970 0.999600000 0.000099970 0.000099970 0.000099970
10 10 (0) 3 : 0.000099970 0.999600000 0.000099970 0.000099970 0.000099970
11 11 (0) 3 : 0.000099970 0.999600000 0.000099970 0.000099970 0.000099970
12 12 (0) 3 : 0.049851700 0.827379000 0.066375500 0.056293700 0.000099991
13 13 (0) 4 : 0.022032900 0.017437900 0.960329000 0.000099982 0.000099982
14 14 (0) 4 : 0.000099970 0.000099970 0.999600000 0.000099970 0.000099970
15 15 (0) 4 : 0.000099970 0.000099970 0.999600000 0.000099970 0.000099970
16 16 (0) 4 : 0.000099970 0.000099970 0.999600000 0.000099970 0.000099970
17 17 (0) 5 : 0.000099982 0.023277600 0.029560800 0.946962000 0.000099982
18 18 (0) 5 : 0.000099982 0.011535700 0.052471200 0.935793000 0.000099982
19 19 (0) 5 : 0.000099982 0.002497860 0.036802300 0.960500000 0.000099982
20 20 (0) 5 : 0.000099982 0.027328400 0.041723900 0.930748000 0.000099982
21 21 (0) 6 : 0.022908200 0.000099982 0.000099982 0.908344000 0.068547300
22 22 (0) 6 : 0.036878400 0.000099982 0.000099982 0.901410000 0.061512000
23 23 (0) 6 : 0.008641390 0.000099982 0.000099982 0.955324000 0.035834900
24 24 (0) 6 : 0.000099973 0.000099973 0.000099973 0.941723000 0.057977400
25 25 (0) 7 : 0.026741200 0.249304000 0.000099991 0.700497000 0.023357500
26 26 (0) 7 : 0.107600000 0.183068000 0.000099982 0.709132000 0.000099982
27 27 (0) 7 : 0.066425000 0.203595000 0.000099991 0.690269000 0.039611500
28 28 (0) 7 : 0.041340800 0.255387000 0.000099991 0.677674000 0.025497900
29 29 (0) 8 : 0.141384000 0.000099982 0.000099982 0.750746000 0.107670000
30 30 (0) 8 : 0.066436800 0.000099991 0.038143800 0.819824000 0.075495200
31 31 (0) 8 : 0.108280000 0.000099982 0.000099982 0.818435000 0.073085200
32 32 (0) 8 : 0.124619000 0.000099982 0.000099982 0.822862000 0.052318700
33 33 (0) 9 : 0.000099982 0.000099982 0.636334000 0.313191000 0.050274800
34 34 (0) 9 : 0.000099982 0.000099982 0.675017000 0.306781000 0.018002300
35 35 (0) 9 : 0.000099982 0.000099982 0.671758000 0.312481000 0.015560300
36 36 (0) 9 : 0.000099982 0.000099982 0.671449000 0.278423000 0.049928000
37 37 (0) 10 : 0.929272000 0.013028700 0.018439000 0.018855000 0.020404900
38 38 (0) 10 : 0.999600000 0.000099970 0.000099970 0.000099970 0.000099970
39 39 (0) 10 : 0.976199000 0.000305077 0.023295900 0.000099982 0.000099982
40 40 (0) 10 : 0.999600000 0.000099970 0.000099970 0.000099970 0.000099970
41 41 (0) 11 : 0.368726000 0.000099982 0.000099982 0.012079200 0.618995000
42 42 (0) 11 : 0.710426000 0.000099982 0.000099982 0.108086000 0.181288000
43 43 (0) 11 : 0.745728000 0.000099982 0.000099982 0.074794700 0.179278000
44 44 (0) 11 : 0.478236000 0.018126600 0.001579620 0.183010000 0.319048000
45 45 (0) 12 : 0.000099970 0.000099970 0.000099970 0.000099970 0.999600000
46 46 (0) 12 : 0.000099970 0.000099970 0.000099970 0.000099970 0.999600000
47 47 (0) 12 : 0.000099970 0.000099970 0.000099970 0.000099970 0.999600000
48 48 (0) 12 : 0.000099970 0.000099970 0.000099970 0.000099970 0.999600000
1 1 (0) 1 : 0.2024190000 0.1904730000 0.4558400000 0.151167000 0.0000999910
2 2 (0) 1 : 0.1973810000 0.1985810000 0.4579130000 0.146025000 0.0000999910
3 3 (0) 1 : 0.3468180000 0.1403640000 0.4147800000 0.097937200 0.0000999910
4 4 (0) 1 : 0.3191600000 0.1364620000 0.4124560000 0.131822000 0.0000999910
5 5 (0) 2 : 0.0000999820 0.3019530000 0.6858450000 0.000099982 0.0120019000
6 6 (0) 2 : 0.0000999730 0.3851180000 0.6145820000 0.000099973 0.0000999730
7 7 (0) 2 : 0.0000999730 0.3384610000 0.6612390000 0.000099973 0.0000999730
8 8 (0) 2 : 0.0000999820 0.3080110000 0.6651110000 0.000099982 0.0266785000
9 9 (0) 3 : 0.0000999700 0.9996000000 0.0000999700 0.000099970 0.0000999700
10 10 (0) 3 : 0.0000999700 0.9996000000 0.0000999700 0.000099970 0.0000999700
11 11 (0) 3 : 0.0000999700 0.9996000000 0.0000999700 0.000099970 0.0000999700
12 12 (0) 3 : 0.0547528000 0.8099500000 0.0656973000 0.069500100 0.0000999910
13 13 (0) 4 : 0.0080012200 0.0364199000 0.9553790000 0.000099982 0.0000999820
14 14 (0) 4 : 0.0000999700 0.0000999700 0.9996000000 0.000099970 0.0000999700
15 15 (0) 4 : 0.0000999700 0.0000999700 0.9996000000 0.000099970 0.0000999700
16 16 (0) 4 : 0.0000999700 0.0000999700 0.9996000000 0.000099970 0.0000999700
17 17 (0) 5 : 0.0000999820 0.0364451000 0.0132307000 0.950124000 0.0000999820
18 18 (0) 5 : 0.0000999820 0.0100890000 0.0414264000 0.948285000 0.0000999820
19 19 (0) 5 : 0.0000999820 0.0133351000 0.0094079100 0.977057000 0.0000999820
20 20 (0) 5 : 0.0000999820 0.0203689000 0.0307612000 0.948670000 0.0000999820
21 21 (0) 6 : 0.0442761000 0.0000999819 0.0000999819 0.900155000 0.0553693000
22 22 (0) 6 : 0.0479519000 0.0000999820 0.0000999820 0.901670000 0.0501781000
23 23 (0) 6 : 0.0240926000 0.0000999820 0.0000999820 0.943776000 0.0319319000
24 24 (0) 6 : 0.0373547000 0.0112942000 0.0000999910 0.909714000 0.0415374000
25 25 (0) 7 : 0.0326606000 0.2590780000 0.0000999910 0.680848000 0.0273132000
26 26 (0) 7 : 0.1145270000 0.1684230000 0.0000999820 0.716850000 0.0000999820
27 27 (0) 7 : 0.0999560000 0.1900520000 0.0000999910 0.704696000 0.0051957000
28 28 (0) 7 : 0.0328967000 0.2581410000 0.0000999910 0.674798000 0.0340641000
29 29 (0) 8 : 0.1357800000 0.0000999820 0.0000999820 0.748813000 0.1152080000
30 30 (0) 8 : 0.0823280000 0.0000999910 0.0396056000 0.808873000 0.0690937000
31 31 (0) 8 : 0.1133670000 0.0000999820 0.0000999820 0.816591000 0.0698421000
32 32 (0) 8 : 0.1079250000 0.0000999820 0.0000999820 0.822789000 0.0690865000
33 33 (0) 9 : 0.0000999820 0.0000999820 0.6453460000 0.317876000 0.0365772000
34 34 (0) 9 : 0.0000999820 0.0000999820 0.6843510000 0.297786000 0.0176624000
35 35 (0) 9 : 0.0000999729 0.0000999729 0.6749550000 0.324745000 0.0000999729
36 36 (0) 9 : 0.0000999820 0.0000999820 0.6729020000 0.286268000 0.0406294000
37 37 (0) 10 : 0.9027290000 0.0271343000 0.0061791900 0.018841900 0.0451157000
38 38 (0) 10 : 0.9996000000 0.0000999700 0.0000999700 0.000099970 0.0000999700
39 39 (0) 10 : 0.9589270000 0.0123218000 0.0285509000 0.000099982 0.0000999820
40 40 (0) 10 : 0.9996000000 0.0000999700 0.0000999700 0.000099970 0.0000999700
41 41 (0) 11 : 0.3478750000 0.0000999820 0.0000999820 0.029554700 0.6223700000
42 42 (0) 11 : 0.7121410000 0.0000999820 0.0000999820 0.117117000 0.1705420000
43 43 (0) 11 : 0.7378780000 0.0000999820 0.0000999820 0.100162000 0.1617610000
44 44 (0) 11 : 0.4639150000 0.0257354000 0.0037450400 0.196608000 0.3099970000
45 45 (0) 12 : 0.0000999700 0.0000999700 0.0000999700 0.000099970 0.9996000000
46 46 (0) 12 : 0.0000999700 0.0000999700 0.0000999700 0.000099970 0.9996000000
47 47 (0) 12 : 0.0000999700 0.0000999700 0.0000999700 0.000099970 0.9996000000
48 48 (0) 12 : 0.0000999700 0.0000999700 0.0000999700 0.000099970 0.9996000000
1 1 (0) 1 : 0.181039000 0.000099990 0.185267000 0.154394000 0.479199000
2 2 (0) 1 : 0.178063000 0.000099990 0.186909000 0.159628000 0.475300000
3 3 (0) 1 : 0.127370000 0.000099991 0.344200000 0.100512000 0.427818000
4 4 (0) 1 : 0.109179000 0.000099991 0.353082000 0.118456000 0.419183000
5 5 (0) 2 : 0.315763000 0.017945300 0.000099982 0.000099982 0.666091000
6 6 (0) 2 : 0.366677000 0.001561270 0.000099982 0.000099982 0.631562000
7 7 (0) 2 : 0.339071000 0.000099973 0.000099973 0.000099973 0.660629000
8 8 (0) 2 : 0.294586000 0.021848000 0.000099982 0.000099982 0.683366000
9 9 (0) 3 : 0.999600000 0.000099970 0.000099970 0.000099970 0.000099970
10 10 (0) 3 : 0.999600000 0.000099970 0.000099970 0.000099970 0.000099970
11 11 (0) 3 : 0.999600000 0.000099970 0.000099970 0.000099970 0.000099970
12 12 (0) 3 : 0.825418000 0.000099991 0.041418900 0.052788100 0.080275200
13 13 (0) 4 : 0.011772100 0.000099980 0.012920400 0.000099980 0.975108000
14 14 (0) 4 : 0.000099970 0.000099970 0.000099970 0.000099970 0.999600000
15 15 (0) 4 : 0.000099970 0.000099970 0.000099970 0.000099970 0.999600000
16 16 (0) 4 : 0.000099970 0.000099970 0.000099970 0.000099970 0.999600000
17 17 (0) 5 : 0.019091500 0.000099973 0.000099973 0.980609000 0.000099973
18 18 (0) 5 : 0.007500980 0.000099982 0.000099982 0.961394000 0.030904900
19 19 (0) 5 : 0.016776600 0.000099980 0.000099980 0.970939000 0.012084800
20 20 (0) 5 : 0.025015400 0.000099982 0.000099982 0.963268000 0.011516900
21 21 (0) 6 : 0.000099980 0.081833900 0.040775500 0.877191000 0.000099980
22 22 (0) 6 : 0.000099982 0.072337100 0.030491700 0.896971000 0.000099982
23 23 (0) 6 : 0.000099982 0.044885700 0.000520962 0.954393000 0.000099982
24 24 (0) 6 : 0.000099982 0.068879900 0.013147200 0.917773000 0.000099982
25 25 (0) 7 : 0.256744000 0.024754300 0.013472800 0.704929000 0.000099990
26 26 (0) 7 : 0.179121000 0.003282170 0.128305000 0.689192000 0.000099990
27 27 (0) 7 : 0.203997000 0.028018000 0.078874500 0.689011000 0.000099990
28 28 (0) 7 : 0.268986000 0.039080100 0.036879400 0.654955000 0.000099990
29 29 (0) 8 : 0.000099982 0.116898000 0.147173000 0.735729000 0.000099982
30 30 (0) 8 : 0.000099990 0.061416200 0.087280100 0.801170000 0.050033700
31 31 (0) 8 : 0.000099982 0.049363300 0.135125000 0.815311000 0.000099982
32 32 (0) 8 : 0.000099980 0.042654300 0.137570000 0.819576000 0.000099980
33 33 (0) 9 : 0.000099980 0.047980900 0.000099980 0.306232000 0.645587000
34 34 (0) 9 : 0.000099980 0.028397700 0.000099980 0.277514000 0.693888000
35 35 (0) 9 : 0.000099980 0.023312600 0.000099980 0.307509000 0.668978000
36 36 (0) 9 : 0.000099980 0.057461400 0.000099980 0.299865000 0.642474000
37 37 (0) 10 : 0.035063700 0.045132400 0.903270000 0.016434100 0.000099990
38 38 (0) 10 : 0.000099970 0.000099970 0.999600000 0.000099970 0.000099970
39 39 (0) 10 : 0.000099982 0.021332600 0.933870000 0.000099982 0.044597300
40 40 (0) 10 : 0.000099970 0.000099970 0.999600000 0.000099970 0.000099970
41 41 (0) 11 : 0.000099980 0.642537000 0.330653000 0.026609700 0.000099980
42 42 (0) 11 : 0.000099980 0.191657000 0.702719000 0.105424000 0.000099980
43 43 (0) 11 : 0.000099980 0.179779000 0.719340000 0.100680000 0.000099980
44 44 (0) 11 : 0.024752100 0.317421000 0.485009000 0.172718000 0.000099991
45 45 (0) 12 : 0.000099970 0.998428000 0.000099970 0.000099970 0.001272440
46 46 (0) 12 : 0.000099970 0.999600000 0.000099970 0.000099970 0.000099970
47 47 (0) 12 : 0.000099970 0.999600000 0.000099970 0.000099970 0.000099970
48 48 (0) 12 : 0.000099970 0.999600000 0.000099970 0.000099970 0.000099970
1 1 (0) 1 : 0.166231000 0.194042000 0.475526000 0.164100000 0.000099991
2 2 (0) 1 : 0.157716000 0.189556000 0.495178000 0.157450000 0.000099991
3 3 (0) 1 : 0.148751000 0.349950000 0.391797000 0.109402000 0.000099991
4 4 (0) 1 : 0.135697000 0.335827000 0.419207000 0.109169000 0.000099991
5 5 (0) 2 : 0.291910000 0.000099982 0.683949000 0.000099982 0.023940900
6 6 (0) 2 : 0.351957000 0.000099973 0.647743000 0.000099973 0.000099973
7 7 (0) 2 : 0.326945000 0.000099973 0.672755000 0.000099973 0.000099973
8 8 (0) 2 : 0.290054000 0.000099982 0.685435000 0.000099982 0.024311700
9 9 (0) 3 : 0.999600000 0.000099970 0.000099970 0.000099970 0.000099970
10 10 (0) 3 : 0.999600000 0.000099970 0.000099970 0.000099970 0.000099970
11 11 (0) 3 : 0.999600000 0.000099970 0.000099970 0.000099970 0.000099970
12 12 (0) 3 : 0.801019000 0.052999600 0.085922600 0.059958900 0.000099991
13 13 (0) 4 : 0.010759900 0.017113000 0.971927000 0.000099982 0.000099982
14 14 (0) 4 : 0.000099970 0.000099970 0.999600000 0.000099970 0.000099970
15 15 (0) 4 : 0.000099973 0.000099973 0.994805000 0.000099973 0.004895100
16 16 (0) 4 : 0.000099970 0.000099970 0.999600000 0.000099970 0.000099970
17 17 (0) 5 : 0.013309300 0.000099982 0.046206900 0.940284000 0.000099982
18 18 (0) 5 : 0.010887600 0.000099982 0.060947400 0.927965000 0.000099982
19 19 (0) 5 : 0.000099973 0.000099973 0.062389400 0.937311000 0.000099973
20 20 (0) 5 : 0.009838710 0.000099982 0.072057400 0.917904000 0.000099982
21 21 (0) 6 : 0.000099982 0.047024100 0.000099982 0.895121000 0.057654400
22 22 (0) 6 : 0.000099982 0.051932800 0.000099982 0.910224000 0.037643400
23 23 (0) 6 : 0.000099982 0.029098600 0.000099982 0.943216000 0.027485500
24 24 (0) 6 : 0.000099973 0.000099973 0.000099973 0.957962000 0.041738600
25 25 (0) 7 : 0.242355000 0.037057800 0.000099991 0.701123000 0.019363700
26 26 (0) 7 : 0.184936000 0.117784000 0.000099991 0.694627000 0.002553300
27 27 (0) 7 : 0.184664000 0.102240000 0.000099991 0.706474000 0.006521900
28 28 (0) 7 : 0.244729000 0.043041100 0.000099991 0.692219000 0.019910400
29 29 (0) 8 : 0.000099982 0.109477000 0.000099982 0.774261000 0.116062000
30 30 (0) 8 : 0.000099991 0.072403200 0.044079600 0.816159000 0.067257700
31 31 (0) 8 : 0.000099982 0.109088000 0.000099982 0.828500000 0.062211500
32 32 (0) 8 : 0.000099982 0.105372000 0.000099982 0.836377000 0.058051300
33 33 (0) 9 : 0.000099982 0.000099982 0.656837000 0.293396000 0.049566900
34 34 (0) 9 : 0.000099982 0.000099982 0.704389000 0.260408000 0.035002900
35 35 (0) 9 : 0.000099982 0.000099982 0.696221000 0.270290000 0.033288800
36 36 (0) 9 : 0.000099982 0.000099982 0.679712000 0.270349000 0.049739400
37 37 (0) 10 : 0.026186600 0.904005000 0.004972670 0.027496900 0.037339200
38 38 (0) 10 : 0.000099970 0.999600000 0.000099970 0.000099970 0.000099970
39 39 (0) 10 : 0.000099982 0.923411000 0.040002000 0.036386900 0.000099982
40 40 (0) 10 : 0.000099970 0.999600000 0.000099970 0.000099970 0.000099970
41 41 (0) 11 : 0.000099982 0.315521000 0.000099982 0.036425600 0.647854000
42 42 (0) 11 : 0.000099982 0.692107000 0.000099982 0.103510000 0.204183000
43 43 (0) 11 : 0.000099982 0.675872000 0.000099982 0.114058000 0.209870000
44 44 (0) 11 : 0.040806600 0.450214000 0.000099991 0.188929000 0.319950000
45 45 (0) 12 : 0.000099970 0.000099970 0.000099970 0.000099970 0.999600000
46 46 (0) 12 : 0.000099970 0.000099970 0.000099970 0.000099970 0.999600000
47 47 (0) 12 : 0.000099970 0.000099970 0.000099970 0.000099970 0.999600000
48 48 (0) 12 : 0.000099970 0.000099970 0.000099970 0.000099970 0.999600000
1 1 (0) 1 : 0.000099991 0.179431000 0.187243000 0.135763000 0.497464000
2 2 (0) 1 : 0.000099991 0.166949000 0.188686000 0.142764000 0.501501000
3 3 (0) 1 : 0.000099990 0.130071000 0.332019000 0.102989000 0.434820000
4 4 (0) 1 : 0.000099990 0.120121000 0.314228000 0.134161000 0.431391000
5 5 (0) 2 : 0.009498760 0.332400000 0.000099982 0.000099982 0.657901000
6 6 (0) 2 : 0.000099973 0.381719000 0.000099973 0.000099973 0.617981000
7 7 (0) 2 : 0.000099973 0.361815000 0.000099973 0.000099973 0.637885000
8 8 (0) 2 : 0.022354000 0.347910000 0.000099982 0.000099982 0.629536000
9 9 (0) 3 : 0.000099970 0.999600000 0.000099970 0.000099970 0.000099970
10 10 (0) 3 : 0.000099970 0.999600000 0.000099970 0.000099970 0.000099970
11 11 (0) 3 : 0.000099970 0.999600000 0.000099970 0.000099970 0.000099970
12 12 (0) 3 : 0.000099990 0.814840000 0.043385800 0.065919100 0.075754700
13 13 (0) 4 : 0.000099982 0.015008500 0.022336100 0.000099982 0.962455000
14 14 (0) 4 : 0.000099970 0.000099970 0.000099970 0.000099970 0.999600000
15 15 (0) 4 : 0.000970664 0.000099973 0.000099973 0.000099973 0.998729000
16 16 (0) 4 : 0.000099970 0.000099970 0.000099970 0.000099970 0.999600000
17 17 (0) 5 : 0.000099982 0.028907100 0.000099982 0.919325000 0.051568100
18 18 (0) 5 : 0.000099982 0.023378900 0.000099982 0.908795000 0.067625800
19 19 (0) 5 : 0.000099982 0.038957000 0.000099982 0.922357000 0.038486300
20 20 (0) 5 : 0.000099982 0.035211700 0.000099982 0.890106000 0.074482700
21 21 (0) 6 : 0.045093300 0.000099982 0.026533900 0.928173000 0.000099982
22 22 (0) 6 : 0.055165300 0.000099982 0.011848000 0.932787000 0.000099982
23 23 (0) 6 : 0.027667900 0.000099973 0.000099973 0.972032000 0.000099973
24 24 (0) 6 : 0.038043200 0.000099973 0.000099973 0.961657000 0.000099973
25 25 (0) 7 : 0.024876800 0.254589000 0.019978200 0.691765000 0.008791050
26 26 (0) 7 : 0.000099991 0.177165000 0.105071000 0.711359000 0.006305490
27 27 (0) 7 : 0.016241000 0.200035000 0.065135900 0.718488000 0.000099991
28 28 (0) 7 : 0.030094400 0.265788000 0.039968000 0.664050000 0.000099991
29 29 (0) 8 : 0.098350900 0.000099982 0.120963000 0.780486000 0.000099982
30 30 (0) 8 : 0.059563100 0.000099991 0.068585200 0.831973000 0.039778300
31 31 (0) 8 : 0.035163800 0.000099982 0.114686000 0.849950000 0.000099982
32 32 (0) 8 : 0.036885900 0.000099982 0.100768000 0.862147000 0.000099982
33 33 (0) 9 : 0.054803700 0.000099982 0.000099982 0.309035000 0.635961000
34 34 (0) 9 : 0.024996400 0.000099982 0.000099982 0.304110000 0.670694000
35 35 (0) 9 : 0.013324000 0.000099991 0.005884790 0.320135000 0.660556000
36 36 (0) 9 : 0.041329400 0.000099982 0.000099982 0.308294000 0.650177000
37 37 (0) 10 : 0.029194200 0.027343300 0.897752000 0.045610700 0.000099990
38 38 (0) 10 : 0.000099970 0.000099970 0.999600000 0.000099970 0.000099970
39 39 (0) 10 : 0.006340480 0.008847300 0.938705000 0.007419890 0.038687800
40 40 (0) 10 : 0.000099970 0.000099970 0.999600000 0.000099970 0.000099970
41 41 (0) 11 : 0.631683000 0.000099982 0.347138000 0.020979000 0.000099982
42 42 (0) 11 : 0.173526000 0.000099982 0.720788000 0.105487000 0.000099982
43 43 (0) 11 : 0.167946000 0.000099982 0.729891000 0.101963000 0.000099982
44 44 (0) 11 : 0.297234000 0.030136500 0.471299000 0.193009000 0.008322380
45 45 (0) 12 : 0.999600000 0.000099970 0.000099970 0.000099970 0.000099970
46 46 (0) 12 : 0.999600000 0.000099970 0.000099970 0.000099970 0.000099970
47 47 (0) 12 : 0.999600000 0.000099970 0.000099970 0.000099970 0.000099970
48 48 (0) 12 : 0.999600000 0.000099970 0.000099970 0.000099970 0.000099970
1 1 (0) 1 : 0.219710000 0.475178000 0.000099991 0.178468000 0.126544000
2 2 (0) 1 : 0.211632000 0.479860000 0.000099991 0.172085000 0.136322000
3 3 (0) 1 : 0.344987000 0.447158000 0.000099991 0.130022000 0.077733200
4 4 (0) 1 : 0.322829000 0.458666000 0.000099991 0.106180000 0.112225000
5 5 (0) 2 : 0.000099982 0.684374000 0.021768600 0.293657000 0.000099982
6 6 (0) 2 : 0.000099973 0.646421000 0.000099973 0.353279000 0.000099973
7 7 (0) 2 : 0.000099973 0.670274000 0.000099973 0.329426000 0.000099973
8 8 (0) 2 : 0.000099982 0.703152000 0.005438090 0.291210000 0.000099982
9 9 (0) 3 : 0.000099970 0.000099970 0.000099970 0.999600000 0.000099970
10 10 (0) 3 : 0.000099970 0.000099970 0.000099970 0.999600000 0.000099970
11 11 (0) 3 : 0.000099970 0.000099970 0.000099970 0.999600000 0.000099970
12 12 (0) 3 : 0.046948200 0.071748200 0.000099991 0.809932000 0.071271300
13 13 (0) 4 : 0.007458960 0.953014000 0.000099982 0.039327600 0.000099982
14 14 (0) 4 : 0.000099970 0.999600000 0.000099970 0.000099970 0.000099970
15 15 (0) 4 : 0.000099970 0.999600000 0.000099970 0.000099970 0.000099970
16 16 (0) 4 : 0.000099970 0.999600000 0.000099970 0.000099970 0.000099970
17 17 (0) 5 : 0.000099982 0.027278200 0.000099982 0.025217500 0.947304000
18 18 (0) 5 : 0.000099982 0.069323400 0.000099982 0.019521400 0.910955000
19 19 (0) 5 : 0.000099982 0.057750300 0.000099982 0.019847400 0.922202000
20 20 (0) 5 : 0.000099982 0.064457400 0.000099982 0.020366500 0.914976000
21 21 (0) 6 : 0.052402300 0.000099982 0.051275500 0.000099982 0.896122000
22 22 (0) 6 : 0.019437400 0.000099982 0.058662900 0.000099982 0.921700000
23 23 (0) 6 : 0.014779300 0.000099982 0.034318000 0.000099982 0.950703000
24 24 (0) 6 : 0.038634800 0.000099982 0.035863400 0.000099982 0.925302000
25 25 (0) 7 : 0.069123300 0.000099982 0.000099982 0.247907000 0.682770000
26 26 (0) 7 : 0.129314000 0.000099982 0.000099982 0.201253000 0.669234000
27 27 (0) 7 : 0.106496000 0.000099991 0.002338940 0.203330000 0.687735000
28 28 (0) 7 : 0.074844100 0.000099991 0.005846350 0.261050000 0.658160000
29 29 (0) 8 : 0.097609200 0.000099982 0.124904000 0.000099982 0.777287000
30 30 (0) 8 : 0.081419600 0.057952000 0.045094900 0.000099991 0.815433000
31 31 (0) 8 : 0.084429000 0.011850900 0.067909300 0.000099991 0.835711000
32 32 (0) 8 : 0.102484000 0.000099982 0.050865300 0.000099982 0.846451000
33 33 (0) 9 : 0.000099982 0.639610000 0.059788200 0.000099982 0.300401000
34 34 (0) 9 : 0.000099982 0.696263000 0.030327800 0.000099982 0.273209000
35 35 (0) 9 : 0.000099982 0.680205000 0.024237000 0.000099982 0.295358000
36 36 (0) 9 : 0.000099982 0.664829000 0.064122300 0.000099982 0.270849000
37 37 (0) 10 : 0.912639000 0.015159300 0.021970100 0.032377100 0.017854200
38 38 (0) 10 : 0.999600000 0.000099970 0.000099970 0.000099970 0.000099970
39 39 (0) 10 : 0.941261000 0.029029300 0.012540600 0.013562900 0.003606080
40 40 (0) 10 : 0.999600000 0.000099970 0.000099970 0.000099970 0.000099970
41 41 (0) 11 : 0.350905000 0.000099982 0.625003000 0.000099982 0.023892000
42 42 (0) 11 : 0.714066000 0.000099982 0.170015000 0.000099982 0.115719000
43 43 (0) 11 : 0.740499000 0.000099982 0.156905000 0.000099982 0.102396000
44 44 (0) 11 : 0.488013000 0.004048510 0.283816000 0.026494300 0.197629000
45 45 (0) 12 : 0.000099970 0.000099970 0.999600000 0.000099970 0.000099970
46 46 (0) 12 : 0.000099970 0.000099970 0.999600000 0.000099970 0.000099970
47 47 (0) 12 : 0.000099970 0.000099970 0.999600000 0.000099970 0.000099970
48 48 (0) 12 : 0.000099982 0.001574130 0.997422000 0.000803765 0.000099982
1 1 (0) 1 : 0.128309000 0.211873000 0.452929000 0.000099991 0.206789000
2 2 (0) 1 : 0.139065000 0.209075000 0.452582000 0.000099991 0.199178000
3 3 (0) 1 : 0.075364000 0.162254000 0.388520000 0.000099991 0.373762000
4 4 (0) 1 : 0.116013000 0.143450000 0.393598000 0.000099991 0.346839000
5 5 (0) 2 : 0.000099982 0.293119000 0.684304000 0.022376700 0.000099982
6 6 (0) 2 : 0.000099973 0.370766000 0.628935000 0.000099973 0.000099973
7 7 (0) 2 : 0.000099973 0.347545000 0.652155000 0.000099973 0.000099973
8 8 (0) 2 : 0.000099982 0.292606000 0.670247000 0.036947500 0.000099982
9 9 (0) 3 : 0.000099970 0.999600000 0.000099970 0.000099970 0.000099970
10 10 (0) 3 : 0.000099970 0.999600000 0.000099970 0.000099970 0.000099970
11 11 (0) 3 : 0.000099970 0.999600000 0.000099970 0.000099970 0.000099970
12 12 (0) 3 : 0.046636300 0.836384000 0.066693700 0.006819150 0.043467000
13 13 (0) 4 : 0.000099982 0.022784000 0.951466000 0.000099982 0.025550200
14 14 (0) 4 : 0.000099970 0.000099970 0.999600000 0.000099970 0.000099970
15 15 (0) 4 : 0.000099973 0.006174650 0.993525000 0.000099973 0.000099973
16 16 (0) 4 : 0.000099970 0.000099970 0.999600000 0.000099970 0.000099970
17 17 (0) 5 : 0.921373000 0.040485600 0.037941100 0.000099982 0.000099982
18 18 (0) 5 : 0.901739000 0.024386300 0.073675100 0.000099982 0.000099982
19 19 (0) 5 : 0.925158000 0.032525700 0.042116700 0.000099982 0.000099982
20 20 (0) 5 : 0.913022000 0.034162200 0.052615800 0.000099982 0.000099982
21 21 (0) 6 : 0.902268000 0.000099982 0.000099982 0.051538000 0.045994500
22 22 (0) 6 : 0.907021000 0.000099982 0.000099982 0.043173600 0.049605700
23 23 (0) 6 : 0.968648000 0.000099982 0.000099982 0.012707100 0.018445100
24 24 (0) 6 : 0.942558000 0.000762344 0.000099991 0.052925000 0.003654650
25 25 (0) 7 : 0.701114000 0.267592000 0.000099991 0.017658100 0.013536400
26 26 (0) 7 : 0.705944000 0.190930000 0.000099991 0.010326900 0.092699200
27 27 (0) 7 : 0.714107000 0.200448000 0.000099991 0.024791100 0.060553700
28 28 (0) 7 : 0.673976000 0.267466000 0.000099991 0.032049000 0.026408400
29 29 (0) 8 : 0.750640000 0.000099982 0.000099982 0.108421000 0.140739000
30 30 (0) 8 : 0.804333000 0.000099991 0.039722600 0.051566800 0.104278000
31 31 (0) 8 : 0.826089000 0.000099982 0.000099982 0.039696400 0.134015000
32 32 (0) 8 : 0.816451000 0.000099982 0.000099982 0.037789500 0.145560000
33 33 (0) 9 : 0.311536000 0.000099982 0.640214000 0.048050100 0.000099982
34 34 (0) 9 : 0.284421000 0.000099982 0.692185000 0.023193900 0.000099982
35 35 (0) 9 : 0.304655000 0.000099982 0.680978000 0.014167100 0.000099982
36 36 (0) 9 : 0.293098000 0.000099982 0.666923000 0.039778500 0.000099982
37 37 (0) 10 : 0.012320000 0.022127600 0.029141500 0.038913100 0.897498000
38 38 (0) 10 : 0.000099970 0.000099970 0.000099970 0.000099970 0.999600000
39 39 (0) 10 : 0.013251300 0.016707400 0.035125100 0.000099991 0.934816000
40 40 (0) 10 : 0.000099970 0.000099970 0.000099970 0.000099970 0.999600000
41 41 (0) 11 : 0.021261900 0.000099982 0.000099982 0.639235000 0.339303000
42 42 (0) 11 : 0.127702000 0.000099982 0.000099982 0.151777000 0.720320000
43 43 (0) 11 : 0.104438000 0.000099982 0.000099982 0.166853000 0.728509000
44 44 (0) 11 : 0.193285000 0.017172700 0.011030700 0.291029000 0.487482000
45 45 (0) 12 : 0.000099970 0.000099970 0.000099970 0.999600000 0.000099970
46 46 (0) 12 : 0.000099970 0.000099970 0.000099970 0.999600000 0.000099970
47 47 (0) 12 : 0.000099973 0.000580076 0.000099973 0.999120000 0.000099973
48 48 (0) 12 : 0.000099970 0.000099970 0.000099970 0.999600000 0.000099970
