1 1 (0) 1 : 0.0606537000 0.135154000 0.0747554000 0.0000999900 0.5033560000 0.0914532000 0.1345280000
2 2 (0) 1 : 0.0464348000 0.135821000 0.0838293000 0.0000999910 0.5146230000 0.0753204000 0.1438710000
3 3 (0) 1 : 0.0000999700 0.000099970 0.0319436000 0.0000999700 0.6126460000 0.0864319000 0.2686790000
4 4 (0) 1 : 0.0000999820 0.005202320 0.0293430000 0.0000999820 0.5939840000 0.1359800000 0.2352910000
5 5 (0) 2 : 0.0000999500 0.000099950 0.0000999500 0.0000999500 0.9994000000 0.0000999500 0.0000999500
6 6 (0) 2 : 0.0000999500 0.000099950 0.0000999500 0.0000999500 0.9994000000 0.0000999500 0.0000999500
7 7 (0) 2 : 0.0000999500 0.000099950 0.0000999500 0.0000999500 0.9994000000 0.0000999500 0.0000999500
8 8 (0) 2 : 0.0000999639 0.004843480 0.0000999639 0.0051146900 0.9896420000 0.0000999639 0.0000999639
9 9 (0) 3 : 0.9994000000 0.000099950 0.0000999500 0.0000999500 0.0000999500 0.0000999500 0.0000999500
10 10 (0) 3 : 0.9994000000 0.000099950 0.0000999500 0.0000999500 0.0000999500 0.0000999500 0.0000999500
11 11 (0) 3 : 0.9994000000 0.000099950 0.0000999500 0.0000999500 0.0000999500 0.0000999500 0.0000999500
12 12 (0) 3 : 0.7616420000 0.065940600 0.0136737000 0.0000999910 0.0829856000 0.0257511000 0.0499072000
13 13 (0) 4 : 0.0165343000 0.816669000 0.0000999730 0.0000999730 0.1623700000 0.0000999730 0.0041268200
14 14 (0) 4 : 0.0000999500 0.999400000 0.0000999500 0.0000999500 0.0000999500 0.0000999500 0.0000999500
15 15 (0) 4 : 0.0085061400 0.933939000 0.0000999640 0.0000999640 0.0571546000 0.0000999640 0.0000999640
16 16 (0) 4 : 0.0000999500 0.999400000 0.0000999500 0.0000999500 0.0000999500 0.0000999500 0.0000999500
17 17 (0) 5 : 0.0000999500 0.000099950 0.9994000000 0.0000999500 0.0000999500 0.0000999500 0.0000999500
18 18 (0) 5 : 0.0000999500 0.000099950 0.9994000000 0.0000999500 0.0000999500 0.0000999500 0.0000999500
19 19 (0) 5 : 0.0000999500 0.000099950 0.9994000000 0.0000999500 0.0000999500 0.0000999500 0.0000999500
20 20 (0) 5 : 0.0000999640 0.000099964 0.9720440000 0.0123011000 0.0152546000 0.0000999640 0.0000999640
21 21 (0) 6 : 0.0000999640 0.000099964 0.0081334900 0.0085717000 0.0000999640 0.9828950000 0.0000999640
22 22 (0) 6 : 0.0000999550 0.000099955 0.0000999550 0.0032223000 0.0000999550 0.9962780000 0.0000999550
23 23 (0) 6 : 0.0000999500 0.000099950 0.0000999500 0.0000999500 0.0000999500 0.9994000000 0.0000999500
24 24 (0) 6 : 0.0000999500 0.000099950 0.0000999500 0.0000999500 0.0000999500 0.9994000000 0.0000999500
25 25 (0) 7 : 0.1594860000 0.000099970 0.0638168000 0.0000999700 0.1281880000 0.6482100000 0.0000999700
26 26 (0) 7 : 0.0900088000 0.000099964 0.0000999640 0.0000999640 0.1441370000 0.7654540000 0.0000999640
27 27 (0) 7 : 0.1089600000 0.000099982 0.0071891800 0.0000999820 0.1172430000 0.7631010000 0.0033056800
28 28 (0) 7 : 0.1767970000 0.000099982 0.0684696000 0.0041315000 0.1011920000 0.6492100000 0.0000999820
29 29 (0) 8 : 0.0000999800 0.029392900 0.0028277300 0.0792366000 0.0000999800 0.8134410000 0.0749018000
30 30 (0) 8 : 0.0000999800 0.074774300 0.0224315000 0.0306119000 0.0000999800 0.8533660000 0.0186166000
31 31 (0) 8 : 0.0000999730 0.012840200 0.0000999730 0.0163341000 0.0000999730 0.9421810000 0.0283451000
32 32 (0) 8 : 0.0000999550 0.000099955 0.0000999550 0.0000999550 0.0000999550 0.9534630000 0.0460370000
33 33 (0) 9 : 0.0000999730 0.702947000 0.0168800000 0.0299810000 0.0000999730 0.2498920000 0.0000999730
34 34 (0) 9 : 0.0000999700 0.750365000 0.0044042600 0.0158979000 0.0000999700 0.2290330000 0.0000999700
35 35 (0) 9 : 0.0000999639 0.747623000 0.0165364000 0.0000999639 0.0000999639 0.2354410000 0.0000999639
36 36 (0) 9 : 0.0000999730 0.718765000 0.0039463900 0.0277332000 0.0000999730 0.2492560000 0.0000999730
37 37 (0) 10 : 0.0026216100 0.022959900 0.0250376000 0.0257028000 0.0139878000 0.0074631000 0.9022270000
38 38 (0) 10 : 0.0000999500 0.000099950 0.0000999500 0.0000999500 0.0000999500 0.0000999500 0.9994000000
39 39 (0) 10 : 0.0112979000 0.031305300 0.0000999910 0.0045715400 0.0002480980 0.0380689000 0.9144080000
40 40 (0) 10 : 0.0000999500 0.000099950 0.0000999500 0.0000999500 0.0000999500 0.0000999500 0.9994000000
41 41 (0) 11 : 0.0000999730 0.000099973 0.0036218000 0.6409800000 0.0000999730 0.0472883000 0.3078100000
42 42 (0) 11 : 0.0000999600 0.000099960 0.0000999600 0.1862620000 0.0000999600 0.1419580000 0.6713810000
43 43 (0) 11 : 0.0053583700 0.000099973 0.0000999730 0.1715570000 0.0000999730 0.1323240000 0.6904610000
44 44 (0) 11 : 0.0241872000 0.028039300 0.0313158000 0.3120750000 0.0000999910 0.1664610000 0.4378220000
45 45 (0) 12 : 0.0000999500 0.000099950 0.0000999500 0.9994000000 0.0000999500 0.0000999500 0.0000999500
46 46 (0) 12 : 0.0000999500 0.000099950 0.0000999500 0.9994000000 0.0000999500 0.0000999500 0.0000999500
47 47 (0) 12 : 0.0000999500 0.000099950 0.0000999500 0.9994000000 0.0000999500 0.0000999500 0.0000999500
48 48 (0) 12 : 0.0000999500 0.000099950 0.0000999500 0.9994000000 0.0000999500 0.0000999500 0.0000999500
1 1 (0) 1 : 0.1056090000 0.0000999910 0.1071260000 0.1964560000 0.3667420000 0.0502415000 0.1737240000
2 2 (0) 1 : 0.0944519000 0.0000999910 0.1043490000 0.1957660000 0.3875440000 0.0398613000 0.1779280000
3 3 (0) 1 : 0.1480230000 0.0000999910 0.0658623000 0.3327060000 0.3267890000 0.0264181000 0.1001020000
4 4 (0) 1 : 0.1229960000 0.0000999910 0.0778271000 0.3252490000 0.3396640000 0.0358894000 0.0982739000
5 5 (0) 2 : 0.9897970000 0.0059082800 0.0000999640 0.0038948200 0.0000999640 0.0000999640 0.0000999640
6 6 (0) 2 : 0.9991310000 0.0000999550 0.0000999550 0.0000999550 0.0000999550 0.0000999550 0.0003694090
7 7 (0) 2 : 0.9994000000 0.0000999500 0.0000999500 0.0000999500 0.0000999500 0.0000999500 0.0000999500
8 8 (0) 2 : 0.9790170000 0.0078181900 0.0000999640 0.0000999640 0.0127645000 0.0000999640 0.0000999640
9 9 (0) 3 : 0.0000999500 0.0000999500 0.0000999500 0.0000999500 0.0000999500 0.0000999500 0.9994000000
10 10 (0) 3 : 0.0000999500 0.0000999500 0.0000999500 0.0000999500 0.0000999500 0.0000999500 0.9994000000
11 11 (0) 3 : 0.0000999500 0.0000999500 0.0000999500 0.0000999500 0.0000999500 0.0000999500 0.9994000000
12 12 (0) 3 : 0.0554845000 0.0000999910 0.0166130000 0.0333007000 0.0607572000 0.0452359000 0.7885090000
13 13 (0) 4 : 0.0726530000 0.0000999729 0.0085912400 0.0000999729 0.8879790000 0.0000999729 0.0304772000
14 14 (0) 4 : 0.0000999500 0.0000999500 0.0000999500 0.0000999500 0.9994000000 0.0000999500 0.0000999500
15 15 (0) 4 : 0.0000999549 0.0000999549 0.0000999549 0.0000999549 0.9928420000 0.0000999549 0.0066585600
16 16 (0) 4 : 0.0000999500 0.0000999500 0.0000999500 0.0000999500 0.9994000000 0.0000999500 0.0000999500
17 17 (0) 5 : 0.0000999500 0.0000999500 0.9994000000 0.0000999500 0.0000999500 0.0000999500 0.0000999500
18 18 (0) 5 : 0.0000999500 0.0000999500 0.9994000000 0.0000999500 0.0000999500 0.0000999500 0.0000999500
19 19 (0) 5 : 0.0000999500 0.0000999500 0.9994000000 0.0000999500 0.0000999500 0.0000999500 0.0000999500
20 20 (0) 5 : 0.0015078900 0.0034999600 0.9895800000 0.0000999730 0.0000999730 0.0051123800 0.0000999730
21 21 (0) 6 : 0.0000999639 0.0050327000 0.0137217000 0.0000999639 0.0000999639 0.9808460000 0.0000999639
22 22 (0) 6 : 0.0000999550 0.0100074000 0.0000999550 0.0000999550 0.0000999550 0.9894930000 0.0000999550
23 23 (0) 6 : 0.0000999500 0.0000999500 0.0000999500 0.0000999500 0.0000999500 0.9994000000 0.0000999500
24 24 (0) 6 : 0.0000999500 0.0000999500 0.0000999500 0.0000999500 0.0000999500 0.9994000000 0.0000999500
25 25 (0) 7 : 0.0649888000 0.0000999730 0.0623777000 0.0000999730 0.0000999730 0.6574440000 0.2148890000
26 26 (0) 7 : 0.0886987000 0.0000999820 0.0004864480 0.0225126000 0.0000999820 0.7516900000 0.1364120000
27 27 (0) 7 : 0.0751805000 0.0000999820 0.0221842000 0.0031342800 0.0000999820 0.7560450000 0.1432560000
28 28 (0) 7 : 0.0559689000 0.0032844800 0.0821956000 0.0195418000 0.0000999910 0.6283100000 0.2106000000
29 29 (0) 8 : 0.0000999800 0.0751981000 0.0006050380 0.0736058000 0.0160603000 0.8343310000 0.0000999800
30 30 (0) 8 : 0.0000999820 0.0462961000 0.0037880800 0.0242049000 0.0550652000 0.8704460000 0.0000999820
31 31 (0) 8 : 0.0000999730 0.0064571800 0.0000999730 0.0526656000 0.0019914600 0.9385860000 0.0000999730
32 32 (0) 8 : 0.0000999550 0.0000999550 0.0000999550 0.0435670000 0.0000999550 0.9559330000 0.0000999550
33 33 (0) 9 : 0.0000999730 0.0378636000 0.0087233200 0.0000999730 0.6460290000 0.3070840000 0.0000999730
34 34 (0) 9 : 0.0000999550 0.0000999550 0.0000999550 0.0000999550 0.6725970000 0.3269040000 0.0000999550
35 35 (0) 9 : 0.0213671000 0.0000999730 0.0113642000 0.0000999730 0.6580720000 0.3088970000 0.0000999730
36 36 (0) 9 : 0.0505613000 0.0157295000 0.0000999730 0.0000999730 0.6281060000 0.3053030000 0.0000999730
37 37 (0) 10 : 0.0282736000 0.0235939000 0.0116925000 0.9171550000 0.0000999820 0.0000999820 0.0190848000
38 38 (0) 10 : 0.0000999500 0.0000999500 0.0000999500 0.9994000000 0.0000999500 0.0000999500 0.0000999500
39 39 (0) 10 : 0.0290011000 0.0000999730 0.0000999730 0.9380370000 0.0258199000 0.0068417100 0.0000999730
40 40 (0) 10 : 0.0000999500 0.0000999500 0.0000999500 0.9994000000 0.0000999500 0.0000999500 0.0000999500
41 41 (0) 11 : 0.0000999640 0.6307800000 0.0000999640 0.3604740000 0.0000999640 0.0083466900 0.0000999640
42 42 (0) 11 : 0.0000999639 0.1576550000 0.0000999639 0.6941980000 0.0000999639 0.1477470000 0.0000999639
43 43 (0) 11 : 0.0000999639 0.1429390000 0.0000999639 0.7342330000 0.0000999639 0.1224290000 0.0000999639
44 44 (0) 11 : 0.0000999910 0.2883150000 0.0424951000 0.4754040000 0.0103379000 0.1656400000 0.0177080000
45 45 (0) 12 : 0.0000999500 0.9994000000 0.0000999500 0.0000999500 0.0000999500 0.0000999500 0.0000999500
46 46 (0) 12 : 0.0000999500 0.9994000000 0.0000999500 0.0000999500 0.0000999500 0.0000999500 0.0000999500
47 47 (0) 12 : 0.0000999500 0.9994000000 0.0000999500 0.0000999500 0.0000999500 0.0000999500 0.0000999500
48 48 (0) 12 : 0.0000999500 0.9994000000 0.0000999500 0.0000999500 0.0000999500 0.0000999500 0.0000999500
1 1 (0) 1 : 0.1928630000 0.0968637000 0.4232270000 0.0000999910 0.0552935000 0.0266090000 0.2050440000
2 2 (0) 1 : 0.1804370000 0.0948931000 0.4273930000 0.0000999910 0.0621283000 0.0272978000 0.2077510000
3 3 (0) 1 : 0.1351010000 0.0686910000 0.3089220000 0.0000999910 0.1180120000 0.0150843000 0.3540900000
4 4 (0) 1 : 0.1052990000 0.0668442000 0.3156990000 0.0000999900 0.1148170000 0.0702845000 0.3269560000
5 5 (0) 2 : 0.0000999550 0.0000999550 0.0000999550 0.0028385400 0.9966620000 0.0000999550 0.0000999550
6 6 (0) 2 : 0.0000999500 0.0000999500 0.0000999500 0.0000999500 0.9994000000 0.0000999500 0.0000999500
7 7 (0) 2 : 0.0000999500 0.0000999500 0.0000999500 0.0000999500 0.9994000000 0.0000999500 0.0000999500
8 8 (0) 2 : 0.0000999640 0.0000999640 0.0423796000 0.0045608200 0.9526600000 0.0000999640 0.0000999640
9 9 (0) 3 : 0.9994000000 0.0000999500 0.0000999500 0.0000999500 0.0000999500 0.0000999500 0.0000999500
10 10 (0) 3 : 0.9994000000 0.0000999500 0.0000999500 0.0000999500 0.0000999500 0.0000999500 0.0000999500
11 11 (0) 3 : 0.9994000000 0.0000999500 0.0000999500 0.0000999500 0.0000999500 0.0000999500 0.0000999500
12 12 (0) 3 : 0.7675620000 0.0209188000 0.0887390000 0.0215395000 0.0414894000 0.0311404000 0.0286109000
13 13 (0) 4 : 0.0356127000 0.0056589100 0.8951640000 0.0000999730 0.0632648000 0.0000999730 0.0000999730
14 14 (0) 4 : 0.0000999500 0.0000999500 0.9994000000 0.0000999500 0.0000999500 0.0000999500 0.0000999500
15 15 (0) 4 : 0.0145838000 0.0000999549 0.9849160000 0.0000999549 0.0000999549 0.0000999549 0.0000999549
16 16 (0) 4 : 0.0000999500 0.0000999500 0.9994000000 0.0000999500 0.0000999500 0.0000999500 0.0000999500
17 17 (0) 5 : 0.0000999500 0.9994000000 0.0000999500 0.0000999500 0.0000999500 0.0000999500 0.0000999500
18 18 (0) 5 : 0.0000999500 0.9994000000 0.0000999500 0.0000999500 0.0000999500 0.0000999500 0.0000999500
19 19 (0) 5 : 0.0000999500 0.9994000000 0.0000999500 0.0000999500 0.0000999500 0.0000999500 0.0000999500
20 20 (0) 5 : 0.0000999640 0.9877220000 0.0000999640 0.0015947900 0.0102834000 0.0000999640 0.0000999640
21 21 (0) 6 : 0.0000999639 0.0192494000 0.0000999639 0.0079431900 0.0000999639 0.9724080000 0.0000999639
22 22 (0) 6 : 0.0000999550 0.0004431430 0.0000999550 0.0000999550 0.0000999550 0.9990570000 0.0000999550
23 23 (0) 6 : 0.0000999500 0.0000999500 0.0000999500 0.0000999500 0.0000999500 0.9994000000 0.0000999500
24 24 (0) 6 : 0.0000999500 0.0000999500 0.0000999500 0.0000999500 0.0000999500 0.9994000000 0.0000999500
25 25 (0) 7 : 0.2105220000 0.0835999000 0.0000999820 0.0000999820 0.0599282000 0.6456440000 0.0001059890
26 26 (0) 7 : 0.1248800000 0.0001568060 0.0000999820 0.0000999820 0.0987900000 0.7354850000 0.0404884000
27 27 (0) 7 : 0.1251130000 0.0114028000 0.0000999820 0.0000999820 0.0863586000 0.7436520000 0.0332730000
28 28 (0) 7 : 0.2086400000 0.0838585000 0.0000999910 0.0074068100 0.0636100000 0.6150990000 0.0212850000
29 29 (0) 8 : 0.0000999730 0.0070689500 0.0000999730 0.0723276000 0.0000999730 0.8428720000 0.0774319000
30 30 (0) 8 : 0.0000999800 0.0230084000 0.0438921000 0.0178098000 0.0000999800 0.8731640000 0.0419258000
31 31 (0) 8 : 0.0000999700 0.0000999700 0.0213356000 0.0058881000 0.0000999700 0.9287820000 0.0436946000
32 32 (0) 8 : 0.0000999550 0.0000999550 0.0000999550 0.0000999550 0.0000999550 0.9607650000 0.0387356000
33 33 (0) 9 : 0.0000999820 0.0008583620 0.6012210000 0.0259746000 0.0209753000 0.3507710000 0.0000999820
34 34 (0) 9 : 0.0000999820 0.0073653900 0.6340750000 0.0015193000 0.0092021200 0.3476380000 0.0000999820
35 35 (0) 9 : 0.0000999800 0.0040531600 0.6365170000 0.0112514000 0.0237737000 0.3242040000 0.0000999800
36 36 (0) 9 : 0.0000999730 0.0000999730 0.5756880000 0.0019259100 0.0696473000 0.3524390000 0.0000999730
37 37 (0) 10 : 0.0000999800 0.0047002200 0.0000999800 0.0230351000 0.0470810000 0.0231732000 0.9018110000
38 38 (0) 10 : 0.0000999500 0.0000999500 0.0000999500 0.0000999500 0.0000999500 0.0000999500 0.9994000000
39 39 (0) 10 : 0.0000999700 0.0000999700 0.0180753000 0.0000999700 0.0218564000 0.0424812000 0.9172870000
40 40 (0) 10 : 0.0000999500 0.0000999500 0.0000999500 0.0000999500 0.0000999500 0.0000999500 0.9994000000
41 41 (0) 11 : 0.0000999640 0.0000999640 0.0000999640 0.6377320000 0.0000999640 0.0330863000 0.3287820000
42 42 (0) 11 : 0.0000999600 0.0000999600 0.0000999600 0.1962190000 0.0000999600 0.1475050000 0.6558760000
43 43 (0) 11 : 0.0000999639 0.0000999639 0.0000999639 0.1810180000 0.0000999639 0.1481620000 0.6704200000
44 44 (0) 11 : 0.0165459000 0.0252920000 0.0095637200 0.3127590000 0.0087386700 0.1655300000 0.4615710000
45 45 (0) 12 : 0.0000999500 0.0000999500 0.0000999500 0.9994000000 0.0000999500 0.0000999500 0.0000999500
46 46 (0) 12 : 0.0000999500 0.0000999500 0.0000999500 0.9994000000 0.0000999500 0.0000999500 0.0000999500
47 47 (0) 12 : 0.0000999500 0.0000999500 0.0000999500 0.9994000000 0.0000999500 0.0000999500 0.0000999500
48 48 (0) 12 : 0.0000999500 0.0000999500 0.0000999500 0.9994000000 0.0000999500 0.0000999500 0.0000999500
1 1 (0) 1 : 0.0480214000 0.2057550000 0.3896440000 0.1377370000 0.1300540000 0.0000999900 0.0886877000
2 2 (0) 1 : 0.0285926000 0.1975550000 0.4172980000 0.1389560000 0.1223530000 0.0000999910 0.0951453000
3 3 (0) 1 : 0.0000999820 0.3548700000 0.3115510000 0.1022960000 0.1575640000 0.0000999820 0.0735198000
4 4 (0) 1 : 0.0440785000 0.3378730000 0.2938730000 0.0704912000 0.1777110000 0.0000999910 0.0758732000
5 5 (0) 2 : 0.0000999550 0.0000999550 0.0000999550 0.0000999550 0.9882090000 0.0112916000 0.0000999550
6 6 (0) 2 : 0.0000999500 0.0000999500 0.0000999500 0.0000999500 0.9994000000 0.0000999500 0.0000999500
7 7 (0) 2 : 0.0000999500 0.0000999500 0.0000999500 0.0000999500 0.9994000000 0.0000999500 0.0000999500
8 8 (0) 2 : 0.0000999640 0.0000999640 0.0014062200 0.0000999640 0.9856820000 0.0125123000 0.0000999640
9 9 (0) 3 : 0.0000999500 0.0000999500 0.0000999500 0.9994000000 0.0000999500 0.0000999500 0.0000999500
10 10 (0) 3 : 0.0000999500 0.0000999500 0.0000999500 0.9994000000 0.0000999500 0.0000999500 0.0000999500
11 11 (0) 3 : 0.0000999500 0.0000999500 0.0000999500 0.9994000000 0.0000999500 0.0000999500 0.0000999500
12 12 (0) 3 : 0.0412126000 0.0419652000 0.0604264000 0.7817810000 0.0595418000 0.0000999910 0.0149735000
13 13 (0) 4 : 0.0000999820 0.0020205600 0.8963290000 0.0266331000 0.0688447000 0.0000999820 0.0059731000
14 14 (0) 4 : 0.0000999500 0.0000999500 0.9994000000 0.0000999500 0.0000999500 0.0000999500 0.0000999500
15 15 (0) 4 : 0.0000999549 0.0000999549 0.9755850000 0.0239155000 0.0000999549 0.0000999549 0.0000999549
16 16 (0) 4 : 0.0000999500 0.0000999500 0.9994000000 0.0000999500 0.0000999500 0.0000999500 0.0000999500
17 17 (0) 5 : 0.0000999500 0.0000999500 0.0000999500 0.0000999500 0.0000999500 0.0000999500 0.9994000000
18 18 (0) 5 : 0.0000999500 0.0000999500 0.0000999500 0.0000999500 0.0000999500 0.0000999500 0.9994000000
19 19 (0) 5 : 0.0000999500 0.0000999500 0.0000999500 0.0000999500 0.0000999500 0.0000999500 0.9994000000
20 20 (0) 5 : 0.0000999640 0.0115922000 0.0000999640 0.0000999640 0.0057465000 0.0000999640 0.9822610000
21 21 (0) 6 : 0.9679340000 0.0000999639 0.0000999639 0.0000999639 0.0000999639 0.0130243000 0.0186416000
22 22 (0) 6 : 0.9994000000 0.0000999500 0.0000999500 0.0000999500 0.0000999500 0.0000999500 0.0000999500
23 23 (0) 6 : 0.9994000000 0.0000999500 0.0000999500 0.0000999500 0.0000999500 0.0000999500 0.0000999500
24 24 (0) 6 : 0.9994000000 0.0000999500 0.0000999500 0.0000999500 0.0000999500 0.0000999500 0.0000999500
25 25 (0) 7 : 0.6343760000 0.0000999730 0.0000999730 0.1997930000 0.0868177000 0.0000999730 0.0787131000
26 26 (0) 7 : 0.7508130000 0.0104186000 0.0000999730 0.1178500000 0.1206190000 0.0000999730 0.0000999730
27 27 (0) 7 : 0.7300680000 0.0051812800 0.0000999800 0.1196910000 0.1280960000 0.0000999800 0.0167631000
28 28 (0) 7 : 0.5870080000 0.0132388000 0.0000999910 0.1942230000 0.0932553000 0.0189652000 0.0932098000
29 29 (0) 8 : 0.8414170000 0.0916839000 0.0073615900 0.0000999820 0.0000999820 0.0588340000 0.0005033980
30 30 (0) 8 : 0.8969370000 0.0213095000 0.0587724000 0.0000999730 0.0000999730 0.0226812000 0.0000999730
31 31 (0) 8 : 0.9450930000 0.0544071000 0.0000999550 0.0000999550 0.0000999550 0.0000999550 0.0000999550
32 32 (0) 8 : 0.9643600000 0.0351405000 0.0000999550 0.0000999550 0.0000999550 0.0000999550 0.0000999550
33 33 (0) 9 : 0.3224280000 0.0000999639 0.6421090000 0.0000999639 0.0000999639 0.0350630000 0.0000999639
34 34 (0) 9 : 0.3148910000 0.0000999730 0.6768020000 0.0000999730 0.0061063500 0.0000999730 0.0019007200
35 35 (0) 9 : 0.3256210000 0.0000999729 0.6576790000 0.0000999729 0.0157125000 0.0000999729 0.0006874820
36 36 (0) 9 : 0.3242320000 0.0000999730 0.6227080000 0.0000999730 0.0355371000 0.0172231000 0.0000999730
37 37 (0) 10 : 0.0156985000 0.8915940000 0.0000999910 0.0153451000 0.0148730000 0.0405859000 0.0218038000
38 38 (0) 10 : 0.0000999500 0.9994000000 0.0000999500 0.0000999500 0.0000999500 0.0000999500 0.0000999500
39 39 (0) 10 : 0.0060082100 0.9620710000 0.0211569000 0.0000999820 0.0031936900 0.0073705000 0.0000999820
40 40 (0) 10 : 0.0000999500 0.9994000000 0.0000999500 0.0000999500 0.0000999500 0.0000999500 0.0000999500
41 41 (0) 11 : 0.0315238000 0.3358400000 0.0000999730 0.0000999730 0.0000999730 0.6297570000 0.0025791600
42 42 (0) 11 : 0.1438740000 0.7158680000 0.0000999639 0.0000999639 0.0000999639 0.1398590000 0.0000999639
43 43 (0) 11 : 0.1110140000 0.7490970000 0.0000999639 0.0000999639 0.0000999639 0.1394890000 0.0000999639
44 44 (0) 11 : 0.1600420000 0.4720850000 0.0080661700 0.0064320500 0.0091226400 0.3064800000 0.0377716000
45 45 (0) 12 : 0.0000999500 0.0000999500 0.0000999500 0.0000999500 0.0000999500 0.9994000000 0.0000999500
46 46 (0) 12 : 0.0000999500 0.0000999500 0.0000999500 0.0000999500 0.0000999500 0.9994000000 0.0000999500
47 47 (0) 12 : 0.0000999500 0.0000999500 0.0000999500 0.0000999500 0.0000999500 0.9994000000 0.0000999500
48 48 (0) 12 : 0.0000999500 0.0000999500 0.0000999500 0.0000999500 0.0000999500 0.9994000000 0.0000999500
1 1 (0) 1 : 0.2035600000 0.056474200 0.000099990 0.1668280000 0.0938533000 0.1233540000 0.3558300000
2 2 (0) 1 : 0.1935440000 0.055506100 0.000099991 0.1573790000 0.0867402000 0.1389460000 0.3677850000
3 3 (0) 1 : 0.3599970000 0.013369400 0.000099991 0.0926010000 0.0722514000 0.1969440000 0.2647370000
4 4 (0) 1 : 0.3439110000 0.052272300 0.000099991 0.0752225000 0.0796890000 0.1908600000 0.2579450000
5 5 (0) 2 : 0.0000999500 0.000099950 0.000099950 0.0000999500 0.0000999500 0.9994000000 0.0000999500
6 6 (0) 2 : 0.0000999550 0.000099955 0.000099955 0.0050843700 0.0000999550 0.9944160000 0.0000999550
7 7 (0) 2 : 0.0000999500 0.000099950 0.000099950 0.0000999500 0.0000999500 0.9994000000 0.0000999500
8 8 (0) 2 : 0.0000999600 0.000099960 0.000681947 0.0000999600 0.0000999600 0.9873900000 0.0115286000
9 9 (0) 3 : 0.0000999500 0.000099950 0.000099950 0.9994000000 0.0000999500 0.0000999500 0.0000999500
10 10 (0) 3 : 0.0000999500 0.000099950 0.000099950 0.9994000000 0.0000999500 0.0000999500 0.0000999500
11 11 (0) 3 : 0.0000999500 0.000099950 0.000099950 0.9994000000 0.0000999500 0.0000999500 0.0000999500
12 12 (0) 3 : 0.0425207000 0.033067800 0.003935130 0.7650740000 0.0218968000 0.0799405000 0.0535655000
13 13 (0) 4 : 0.0153509000 0.000099982 0.000099982 0.0241533000 0.0202657000 0.0911088000 0.8489210000
14 14 (0) 4 : 0.0000999500 0.000099950 0.000099950 0.0000999500 0.0000999500 0.0000999500 0.9994000000
15 15 (0) 4 : 0.0000999550 0.000099955 0.000099955 0.0113663000 0.0000999550 0.0000999550 0.9881340000
16 16 (0) 4 : 0.0000999500 0.000099950 0.000099950 0.0000999500 0.0000999500 0.0000999500 0.9994000000
17 17 (0) 5 : 0.0000999500 0.000099950 0.000099950 0.0000999500 0.9994000000 0.0000999500 0.0000999500
18 18 (0) 5 : 0.0000999550 0.000099955 0.000099955 0.0000999550 0.9938320000 0.0000999550 0.0056685500
19 19 (0) 5 : 0.0000999500 0.000099950 0.000099950 0.0000999500 0.9994000000 0.0000999500 0.0000999500
20 20 (0) 5 : 0.0074419400 0.003304560 0.000099964 0.0000999640 0.9888540000 0.0000999640 0.0000999640
21 21 (0) 6 : 0.0000999639 0.973069000 0.015438000 0.0000999639 0.0110936000 0.0000999639 0.0000999639
22 22 (0) 6 : 0.0000999500 0.999400000 0.000099950 0.0000999500 0.0000999500 0.0000999500 0.0000999500
23 23 (0) 6 : 0.0000999500 0.999400000 0.000099950 0.0000999500 0.0000999500 0.0000999500 0.0000999500
24 24 (0) 6 : 0.0000999500 0.999400000 0.000099950 0.0000999500 0.0000999500 0.0000999500 0.0000999500
25 25 (0) 7 : 0.0000999730 0.675696000 0.000099973 0.1902790000 0.0530779000 0.0806473000 0.0000999730
26 26 (0) 7 : 0.0358877000 0.748981000 0.000099982 0.1141520000 0.0007304800 0.1000480000 0.0000999820
27 27 (0) 7 : 0.0141418000 0.745399000 0.000099982 0.1214810000 0.0182429000 0.1005350000 0.0000999820
28 28 (0) 7 : 0.0049164000 0.640998000 0.001047430 0.1945790000 0.0789765000 0.0793825000 0.0000999910
29 29 (0) 8 : 0.0783391000 0.857795000 0.057231200 0.0000999820 0.0030920600 0.0000999820 0.0033429000
30 30 (0) 8 : 0.0478017000 0.897617000 0.003960270 0.0000999820 0.0035547700 0.0000999820 0.0468662000
31 31 (0) 8 : 0.0467464000 0.937595000 0.015258600 0.0000999640 0.0000999640 0.0000999640 0.0000999640
32 32 (0) 8 : 0.0370748000 0.959513000 0.003012340 0.0000999640 0.0000999640 0.0000999640 0.0000999640
33 33 (0) 9 : 0.0000999730 0.324360000 0.030517400 0.0000999730 0.0079257200 0.0000999730 0.6368970000
34 34 (0) 9 : 0.0000999730 0.317449000 0.002605850 0.0000999730 0.0036164600 0.0000999730 0.6760290000
35 35 (0) 9 : 0.0000999820 0.290142000 0.002950770 0.0000999820 0.0283575000 0.0037586900 0.6745910000
36 36 (0) 9 : 0.0000999730 0.309912000 0.027845200 0.0000999730 0.0000999730 0.0281793000 0.6337640000
37 37 (0) 10 : 0.8981680000 0.018704600 0.034630000 0.0088138000 0.0230553000 0.0165287000 0.0000999910
38 38 (0) 10 : 0.9994000000 0.000099950 0.000099950 0.0000999500 0.0000999500 0.0000999500 0.0000999500
39 39 (0) 10 : 0.9378480000 0.038332200 0.000099982 0.0087765700 0.0077404800 0.0071033000 0.0000999820
40 40 (0) 10 : 0.9994000000 0.000099950 0.000099950 0.0000999500 0.0000999500 0.0000999500 0.0000999500
41 41 (0) 11 : 0.3182540000 0.038313200 0.643033000 0.0000999640 0.0000999640 0.0000999640 0.0000999640
42 42 (0) 11 : 0.6722470000 0.136686000 0.190666000 0.0000999640 0.0000999640 0.0000999640 0.0000999640
43 43 (0) 11 : 0.6887440000 0.137263000 0.173594000 0.0000999639 0.0000999639 0.0000999639 0.0000999639
44 44 (0) 11 : 0.4507110000 0.168002000 0.313343000 0.0200463000 0.0315313000 0.0000999910 0.0162668000
45 45 (0) 12 : 0.0000999550 0.000099955 0.988802000 0.0000999550 0.0000999550 0.0106985000 0.0000999550
46 46 (0) 12 : 0.0000999500 0.000099950 0.999400000 0.0000999500 0.0000999500 0.0000999500 0.0000999500
47 47 (0) 12 : 0.0000999500 0.000099950 0.999400000 0.0000999500 0.0000999500 0.0000999500 0.0000999500
48 48 (0) 12 : 0.0000999500 0.000099950 0.999400000 0.0000999500 0.0000999500 0.0000999500 0.0000999500
1 1 (0) 1 : 0.1960130000 0.045628100 0.0949147000 0.1073260000 0.2010850000 0.0000999900 0.3549330000
2 2 (0) 1 : 0.2015010000 0.046368700 0.1041140000 0.0947168000 0.1745830000 0.0000999910 0.3786160000
3 3 (0) 1 : 0.3551860000 0.040080900 0.0587490000 0.1726320000 0.1128030000 0.0000999910 0.2604480000
4 4 (0) 1 : 0.3279810000 0.064439700 0.0684877000 0.1650590000 0.1010340000 0.0000999910 0.2728980000
5 5 (0) 2 : 0.0000999500 0.000099950 0.0000999500 0.9862380000 0.0000999500 0.0132620000 0.0000999500
6 6 (0) 2 : 0.0000999500 0.000099950 0.0000999500 0.9994000000 0.0000999500 0.0000999500 0.0000999500
7 7 (0) 2 : 0.0000999500 0.000099950 0.0000999500 0.9994000000 0.0000999500 0.0000999500 0.0000999500
8 8 (0) 2 : 0.0000999600 0.000099960 0.0000999600 0.9624350000 0.0000999600 0.0119957000 0.0251697000
9 9 (0) 3 : 0.0000999500 0.000099950 0.0000999500 0.0000999500 0.9994000000 0.0000999500 0.0000999500
10 10 (0) 3 : 0.0000999500 0.000099950 0.0000999500 0.0000999500 0.9994000000 0.0000999500 0.0000999500
11 11 (0) 3 : 0.0000999500 0.000099950 0.0000999500 0.0000999500 0.9994000000 0.0000999500 0.0000999500
12 12 (0) 3 : 0.0577737000 0.024991000 0.0235949000 0.0483190000 0.7690290000 0.0007946520 0.0754980000
13 13 (0) 4 : 0.0072566400 0.000099973 0.0000999730 0.0604445000 0.0320705000 0.0000999730 0.8999280000
14 14 (0) 4 : 0.0000999500 0.000099950 0.0000999500 0.0000999500 0.0000999500 0.0000999500 0.9994000000
15 15 (0) 4 : 0.0000999550 0.000099955 0.0000999550 0.0000999550 0.0160111000 0.0000999550 0.9834890000
16 16 (0) 4 : 0.0000999500 0.000099950 0.0000999500 0.0000999500 0.0000999500 0.0000999500 0.9994000000
17 17 (0) 5 : 0.0000999500 0.000099950 0.9994000000 0.0000999500 0.0000999500 0.0000999500 0.0000999500
18 18 (0) 5 : 0.0000999500 0.000099950 0.9994000000 0.0000999500 0.0000999500 0.0000999500 0.0000999500
19 19 (0) 5 : 0.0000999500 0.000099950 0.9994000000 0.0000999500 0.0000999500 0.0000999500 0.0000999500
20 20 (0) 5 : 0.0016825300 0.000099964 0.9935030000 0.0000999640 0.0000999640 0.0044145000 0.0000999640
21 21 (0) 6 : 0.0000999549 0.987190000 0.0123102000 0.0000999549 0.0000999549 0.0000999549 0.0000999549
22 22 (0) 6 : 0.0000999550 0.992551000 0.0069494000 0.0000999550 0.0000999550 0.0000999550 0.0000999550
23 23 (0) 6 : 0.0000999500 0.999400000 0.0000999500 0.0000999500 0.0000999500 0.0000999500 0.0000999500
24 24 (0) 6 : 0.0000999500 0.999400000 0.0000999500 0.0000999500 0.0000999500 0.0000999500 0.0000999500
25 25 (0) 7 : 0.0000999730 0.658793000 0.0675057000 0.0719334000 0.2014680000 0.0000999730 0.0000999730
26 26 (0) 7 : 0.0504962000 0.715808000 0.0000999730 0.0938935000 0.1395030000 0.0000999730 0.0000999730
27 27 (0) 7 : 0.0370547000 0.728204000 0.0149277000 0.0910296000 0.1285840000 0.0000999800 0.0000999800
28 28 (0) 7 : 0.0020586600 0.631239000 0.0878850000 0.0795793000 0.1959880000 0.0031492000 0.0000999910
29 29 (0) 8 : 0.0375294000 0.849463000 0.0160689000 0.0000999820 0.0000999820 0.0907329000 0.0060055600
30 30 (0) 8 : 0.0226787000 0.885542000 0.0026383500 0.0000999820 0.0000999820 0.0350411000 0.0538999000
31 31 (0) 8 : 0.0448488000 0.953271000 0.0000999640 0.0000999640 0.0000999640 0.0014802700 0.0000999640
32 32 (0) 8 : 0.0379670000 0.961533000 0.0000999550 0.0000999550 0.0000999550 0.0000999550 0.0000999550
33 33 (0) 9 : 0.0000999730 0.310366000 0.0000999730 0.0036721100 0.0000999730 0.0379176000 0.6477440000
34 34 (0) 9 : 0.0000999820 0.283414000 0.0107142000 0.0169412000 0.0000999820 0.0149704000 0.6737600000
35 35 (0) 9 : 0.0000999730 0.277997000 0.0200526000 0.0105392000 0.0000999730 0.0000999730 0.6911110000
36 36 (0) 9 : 0.0000999800 0.294476000 0.0075242000 0.0374169000 0.0000999800 0.0340235000 0.6263600000
37 37 (0) 10 : 0.8801650000 0.030085700 0.0085027000 0.0216228000 0.0106825000 0.0488410000 0.0000999910
38 38 (0) 10 : 0.9994000000 0.000099950 0.0000999500 0.0000999500 0.0000999500 0.0000999500 0.0000999500
39 39 (0) 10 : 0.9328080000 0.009366070 0.0000999900 0.0109476000 0.0093391100 0.0246324000 0.0128066000
40 40 (0) 10 : 0.9994000000 0.000099950 0.0000999500 0.0000999500 0.0000999500 0.0000999500 0.0000999500
41 41 (0) 11 : 0.3655240000 0.019542000 0.0000999640 0.0000999640 0.0000999640 0.6145340000 0.0000999640
42 42 (0) 11 : 0.7093110000 0.135021000 0.0000999639 0.0000999639 0.0000999639 0.1552680000 0.0000999639
43 43 (0) 11 : 0.7184380000 0.122564000 0.0000999639 0.0000999639 0.0000999639 0.1585990000 0.0000999639
44 44 (0) 11 : 0.4612160000 0.162499000 0.0376818000 0.0000999910 0.0145168000 0.3068250000 0.0171618000
45 45 (0) 12 : 0.0000999550 0.000099955 0.0000999550 0.0000999550 0.0000999550 0.9936160000 0.0058847200
46 46 (0) 12 : 0.0000999500 0.000099950 0.0000999500 0.0000999500 0.0000999500 0.9994000000 0.0000999500
47 47 (0) 12 : 0.0000999500 0.000099950 0.0000999500 0.0000999500 0.0000999500 0.9994000000 0.0000999500
48 48 (0) 12 : 0.0000999500 0.000099950 0.0000999500 0.0000999500 0.0000999500 0.9994000000 0.0000999500
1 1 (0) 1 : 0.3415140000 0.0837252000 0.1219870000 0.2073050000 0.000099990 0.0551256000 0.1902430000
2 2 (0) 1 : 0.3562810000 0.0774341000 0.1266690000 0.1910030000 0.000099991 0.0606608000 0.1878530000
3 3 (0) 1 : 0.2750570000 0.0641164000 0.1006410000 0.3432200000 0.000099991 0.0397702000 0.1770960000
4 4 (0) 1 : 0.2714560000 0.0536872000 0.0880272000 0.3295590000 0.000099991 0.0806305000 0.1765400000
5 5 (0) 2 : 0.0000999500 0.0000999500 0.0000999500 0.0000999500 0.000099950 0.0000999500 0.9994000000
6 6 (0) 2 : 0.0000999500 0.0000999500 0.0000999500 0.0000999500 0.000099950 0.0000999500 0.9994000000
7 7 (0) 2 : 0.0000999500 0.0000999500 0.0000999500 0.0000999500 0.000099950 0.0000999500 0.9994000000
8 8 (0) 2 : 0.0194438000 0.0000999639 0.0000999639 0.0000999639 0.003252790 0.0000999639 0.9769040000
9 9 (0) 3 : 0.0000999500 0.0000999500 0.9994000000 0.0000999500 0.000099950 0.0000999500 0.0000999500
10 10 (0) 3 : 0.0000999500 0.0000999500 0.9994000000 0.0000999500 0.000099950 0.0000999500 0.0000999500
11 11 (0) 3 : 0.0000999500 0.0000999500 0.9994000000 0.0000999500 0.000099950 0.0000999500 0.0000999500
12 12 (0) 3 : 0.0753069000 0.0246705000 0.7664350000 0.0351643000 0.000099991 0.0424840000 0.0558395000
13 13 (0) 4 : 0.8712430000 0.0102888000 0.0404528000 0.0153540000 0.000099982 0.0000999820 0.0624615000
14 14 (0) 4 : 0.9994000000 0.0000999500 0.0000999500 0.0000999500 0.000099950 0.0000999500 0.0000999500
15 15 (0) 4 : 0.9713480000 0.0000999730 0.0227257000 0.0000999730 0.002075790 0.0000999730 0.0035506800
16 16 (0) 4 : 0.9994000000 0.0000999500 0.0000999500 0.0000999500 0.000099950 0.0000999500 0.0000999500
17 17 (0) 5 : 0.0000999500 0.9994000000 0.0000999500 0.0000999500 0.000099950 0.0000999500 0.0000999500
18 18 (0) 5 : 0.0000999500 0.9994000000 0.0000999500 0.0000999500 0.000099950 0.0000999500 0.0000999500
19 19 (0) 5 : 0.0000999550 0.9968970000 0.0000999550 0.0000999550 0.002602930 0.0000999550 0.0000999550
20 20 (0) 5 : 0.0000999550 0.9988420000 0.0000999550 0.0000999550 0.000099955 0.0006579130 0.0000999550
21 21 (0) 6 : 0.0000999639 0.0278224000 0.0000999639 0.0000999639 0.006149770 0.9656280000 0.0000999639
22 22 (0) 6 : 0.0000999550 0.0156849000 0.0000999550 0.0000999550 0.000099955 0.9838150000 0.0000999550
23 23 (0) 6 : 0.0000999500 0.0000999500 0.0000999500 0.0000999500 0.000099950 0.9994000000 0.0000999500
24 24 (0) 6 : 0.0000999500 0.0000999500 0.0000999500 0.0000999500 0.000099950 0.9994000000 0.0000999500
25 25 (0) 7 : 0.0000999730 0.0591289000 0.1758400000 0.0000999730 0.000099973 0.6773500000 0.0873809000
26 26 (0) 7 : 0.0000999730 0.0000999730 0.0914358000 0.0128912000 0.000099973 0.7706700000 0.1247040000
27 27 (0) 7 : 0.0000999800 0.0183469000 0.0989844000 0.0031683000 0.000099980 0.7580630000 0.1212370000
28 28 (0) 7 : 0.0000999800 0.0759135000 0.1956250000 0.0000999800 0.018359200 0.6407240000 0.0691780000
29 29 (0) 8 : 0.0061980100 0.0096484400 0.0000999800 0.0789451000 0.063520800 0.8414880000 0.0000999800
30 30 (0) 8 : 0.0695452000 0.0075893700 0.0000999820 0.0089108900 0.033421000 0.8803340000 0.0000999820
31 31 (0) 8 : 0.0000999640 0.0000999640 0.0000999640 0.0499402000 0.008733130 0.9409270000 0.0000999640
32 32 (0) 8 : 0.0000999550 0.0000999550 0.0000999550 0.0499071000 0.000099955 0.9495930000 0.0000999550
33 33 (0) 9 : 0.6703410000 0.0101885000 0.0000999700 0.0000999700 0.038803800 0.2803660000 0.0000999700
34 34 (0) 9 : 0.7033020000 0.0063147900 0.0000999640 0.0000999640 0.000099964 0.2899830000 0.0000999640
35 35 (0) 9 : 0.7067290000 0.0070843400 0.0000999730 0.0000999730 0.000099973 0.2805330000 0.0053543400
36 36 (0) 9 : 0.6676480000 0.0014007700 0.0000999820 0.0000999820 0.019202900 0.2916290000 0.0199196000
37 37 (0) 10 : 0.0000999800 0.0077748700 0.0114300000 0.9043480000 0.049045300 0.0000999800 0.0272023000
38 38 (0) 10 : 0.0000999500 0.0000999500 0.0000999500 0.9994000000 0.000099950 0.0000999500 0.0000999500
39 39 (0) 10 : 0.0222185000 0.0046782100 0.0049158000 0.9451530000 0.000822902 0.0124679000 0.0097434500
40 40 (0) 10 : 0.0000999500 0.0000999500 0.0000999500 0.9994000000 0.000099950 0.0000999500 0.0000999500
41 41 (0) 11 : 0.0000999640 0.0000999640 0.0000999640 0.3564430000 0.622365000 0.0207919000 0.0000999640
42 42 (0) 11 : 0.0000999639 0.0000999639 0.0000999639 0.6787580000 0.187940000 0.1329030000 0.0000999639
43 43 (0) 11 : 0.0000999600 0.0000999600 0.0000999600 0.7007910000 0.172173000 0.1266360000 0.0000999600
44 44 (0) 11 : 0.0206027000 0.0452744000 0.0173642000 0.4573400000 0.297601000 0.1617170000 0.0000999910
45 45 (0) 12 : 0.0000999550 0.0000999550 0.0000999550 0.0000999550 0.984900000 0.0000999550 0.0146001000
46 46 (0) 12 : 0.0000999500 0.0000999500 0.0000999500 0.0000999500 0.999400000 0.0000999500 0.0000999500
47 47 (0) 12 : 0.0000999500 0.0000999500 0.0000999500 0.0000999500 0.999400000 0.0000999500 0.0000999500
48 48 (0) 12 : 0.0000999500 0.0000999500 0.0000999500 0.0000999500 0.999400000 0.0000999500 0.0000999500
1 1 (0) 1 : 0.0929554000 0.032427100 0.1811100000 0.3830260000 0.1011860000 0.209195000 0.000099991
2 2 (0) 1 : 0.0751784000 0.043727000 0.1708550000 0.3905280000 0.1021300000 0.217481000 0.000099991
3 3 (0) 1 : 0.1336150000 0.031859300 0.1125040000 0.3151270000 0.0755947000 0.331199000 0.000099991
4 4 (0) 1 : 0.1325730000 0.045936900 0.1085020000 0.3253370000 0.0757475000 0.311804000 0.000099991
5 5 (0) 2 : 0.9994000000 0.000099950 0.0000999500 0.0000999500 0.0000999500 0.000099950 0.000099950
6 6 (0) 2 : 0.9994000000 0.000099950 0.0000999500 0.0000999500 0.0000999500 0.000099950 0.000099950
7 7 (0) 2 : 0.9994000000 0.000099950 0.0000999500 0.0000999500 0.0000999500 0.000099950 0.000099950
8 8 (0) 2 : 0.9720260000 0.000099964 0.0000999640 0.0114514000 0.0000999640 0.000099964 0.016122700
9 9 (0) 3 : 0.0000999500 0.000099950 0.9994000000 0.0000999500 0.0000999500 0.000099950 0.000099950
10 10 (0) 3 : 0.0000999500 0.000099950 0.9994000000 0.0000999500 0.0000999500 0.000099950 0.000099950
11 11 (0) 3 : 0.0000999500 0.000099950 0.9994000000 0.0000999500 0.0000999500 0.000099950 0.000099950
12 12 (0) 3 : 0.0594654000 0.034031900 0.7840660000 0.0753637000 0.0181971000 0.028775500 0.000099991
13 13 (0) 4 : 0.0536182000 0.000099982 0.0279551000 0.9050270000 0.0043529000 0.008846510 0.000099982
14 14 (0) 4 : 0.0000999500 0.000099950 0.0000999500 0.9994000000 0.0000999500 0.000099950 0.000099950
15 15 (0) 4 : 0.0000999550 0.000099955 0.0143837000 0.9851160000 0.0000999550 0.000099955 0.000099955
16 16 (0) 4 : 0.0000999500 0.000099950 0.0000999500 0.9994000000 0.0000999500 0.000099950 0.000099950
17 17 (0) 5 : 0.0000999500 0.000099950 0.0000999500 0.0000999500 0.9994000000 0.000099950 0.000099950
18 18 (0) 5 : 0.0000999500 0.000099950 0.0000999500 0.0000999500 0.9994000000 0.000099950 0.000099950
19 19 (0) 5 : 0.0000999500 0.000099950 0.0000999500 0.0000999500 0.9994000000 0.000099950 0.000099950
20 20 (0) 5 : 0.0046707800 0.000099973 0.0000999730 0.0088056300 0.9858150000 0.000408324 0.000099973
21 21 (0) 6 : 0.0000999730 0.957519000 0.0000999730 0.0000999730 0.0314838000 0.000631908 0.010065700
22 22 (0) 6 : 0.0000999550 0.996683000 0.0000999550 0.0000999550 0.0028168100 0.000099955 0.000099955
23 23 (0) 6 : 0.0000999500 0.999400000 0.0000999500 0.0000999500 0.0000999500 0.000099950 0.000099950
24 24 (0) 6 : 0.0000999500 0.999400000 0.0000999500 0.0000999500 0.0000999500 0.000099950 0.000099950
25 25 (0) 7 : 0.0660554000 0.662479000 0.1952260000 0.0000999730 0.0759388000 0.000099973 0.000099973
26 26 (0) 7 : 0.0900073000 0.757330000 0.1295980000 0.0000999820 0.0013952300 0.021469300 0.000099982
27 27 (0) 7 : 0.0874789000 0.759883000 0.1299900000 0.0000999820 0.0188649000 0.000099982 0.003583890
28 28 (0) 7 : 0.0618949000 0.629617000 0.2063390000 0.0000999910 0.0888774000 0.002711110 0.010460300
29 29 (0) 8 : 0.0000999640 0.846612000 0.0000999640 0.0000999640 0.0000999640 0.077451400 0.075536900
30 30 (0) 8 : 0.0000999820 0.865208000 0.0000999820 0.0504678000 0.0241516000 0.024151700 0.035821100
31 31 (0) 8 : 0.0000999640 0.950073000 0.0000999640 0.0000999640 0.0000999640 0.031550000 0.017977300
32 32 (0) 8 : 0.0000999550 0.967162000 0.0000999550 0.0000999550 0.0000999550 0.032338200 0.000099955
33 33 (0) 9 : 0.0065953800 0.308636000 0.0000999820 0.6321350000 0.0075942600 0.000099982 0.044839800
34 34 (0) 9 : 0.0145973000 0.319076000 0.0000999820 0.6613150000 0.0006881790 0.000099982 0.004123620
35 35 (0) 9 : 0.0299748000 0.316366000 0.0000999820 0.6458070000 0.0021734900 0.000099982 0.005478070
36 36 (0) 9 : 0.0581782000 0.313316000 0.0000999730 0.6082680000 0.0000999730 0.000099973 0.019937800
37 37 (0) 10 : 0.0189318000 0.000099982 0.0256998000 0.0000999820 0.0265314000 0.898370000 0.030267500
38 38 (0) 10 : 0.0000999500 0.000099950 0.0000999500 0.0000999500 0.0000999500 0.999400000 0.000099950
39 39 (0) 10 : 0.0160338000 0.001742090 0.0002098130 0.0210306000 0.0061766200 0.952696000 0.002111040
40 40 (0) 10 : 0.0000999500 0.000099950 0.0000999500 0.0000999500 0.0000999500 0.999400000 0.000099950
41 41 (0) 11 : 0.0000999640 0.031977700 0.0000999640 0.0000999640 0.0000999640 0.339423000 0.628200000
42 42 (0) 11 : 0.0000999639 0.166213000 0.0000999639 0.0000999639 0.0000999639 0.674477000 0.158910000
43 43 (0) 11 : 0.0000999639 0.132483000 0.0000999639 0.0000999639 0.0000999639 0.705303000 0.161814000
44 44 (0) 11 : 0.0000999900 0.143803000 0.0282558000 0.0339097000 0.0434226000 0.466262000 0.284247000
45 45 (0) 12 : 0.0033195900 0.000099955 0.0000999550 0.0000999550 0.0000999550 0.000099955 0.996181000
46 46 (0) 12 : 0.0000999500 0.000099950 0.0000999500 0.0000999500 0.0000999500 0.000099950 0.999400000
47 47 (0) 12 : 0.0000999500 0.000099950 0.0000999500 0.0000999500 0.0000999500 0.000099950 0.999400000
48 48 (0) 12 : 0.0000999500 0.000099950 0.0000999500 0.0000999500 0.0000999500 0.000099950 0.999400000
1 1 (0) 1 : 0.0000999910 0.1982060000 0.1010300000 0.2263600000 0.1033170000 0.0457241000 0.3252630000
2 2 (0) 1 : 0.0000999900 0.1940170000 0.1027070000 0.2459700000 0.0961239000 0.0453626000 0.3157200000
3 3 (0) 1 : 0.0000999910 0.3440450000 0.0513356000 0.1297600000 0.0284551000 0.0602350000 0.3860690000
4 4 (0) 1 : 0.0000999900 0.3209520000 0.0677359000 0.1397660000 0.0051802600 0.0794042000 0.3868610000
5 5 (0) 2 : 0.0000999500 0.0000999500 0.0000999500 0.0000999500 0.0000999500 0.0000999500 0.9994000000
6 6 (0) 2 : 0.0000999500 0.0000999500 0.0000999500 0.0000999500 0.0000999500 0.0000999500 0.9994000000
7 7 (0) 2 : 0.0000999500 0.0000999500 0.0000999500 0.0000999500 0.0000999500 0.0000999500 0.9994000000
8 8 (0) 2 : 0.0053016000 0.0000999549 0.0000999549 0.0000999549 0.0000999549 0.0000999549 0.9941990000
9 9 (0) 3 : 0.0000999500 0.0000999500 0.0000999500 0.0000999500 0.9994000000 0.0000999500 0.0000999500
10 10 (0) 3 : 0.0000999500 0.0000999500 0.0000999500 0.0000999500 0.9994000000 0.0000999500 0.0000999500
11 11 (0) 3 : 0.0000999500 0.0000999500 0.0000999500 0.0000999500 0.9994000000 0.0000999500 0.0000999500
12 12 (0) 3 : 0.0000999900 0.0312759000 0.0373764000 0.0528331000 0.7625470000 0.0401489000 0.0757189000
13 13 (0) 4 : 0.0000999820 0.0062697000 0.0066071500 0.8609790000 0.0321301000 0.0000999820 0.0938142000
14 14 (0) 4 : 0.0000999500 0.0000999500 0.0000999500 0.9994000000 0.0000999500 0.0000999500 0.0000999500
15 15 (0) 4 : 0.0000999640 0.0000999640 0.0000999640 0.9627750000 0.0220904000 0.0000999640 0.0147348000
16 16 (0) 4 : 0.0000999500 0.0000999500 0.0000999500 0.9994000000 0.0000999500 0.0000999500 0.0000999500
17 17 (0) 5 : 0.0000999500 0.0000999500 0.9994000000 0.0000999500 0.0000999500 0.0000999500 0.0000999500
18 18 (0) 5 : 0.0000999550 0.0000999550 0.9944730000 0.0050274800 0.0000999550 0.0000999550 0.0000999550
19 19 (0) 5 : 0.0000999500 0.0000999500 0.9994000000 0.0000999500 0.0000999500 0.0000999500 0.0000999500
20 20 (0) 5 : 0.0000999550 0.0163951000 0.9831050000 0.0000999550 0.0000999550 0.0000999550 0.0000999550
21 21 (0) 6 : 0.0162337000 0.0000999639 0.0151161000 0.0000999639 0.0000999639 0.9682500000 0.0000999639
22 22 (0) 6 : 0.0000999550 0.0000999550 0.0111808000 0.0000999550 0.0000999550 0.9883190000 0.0000999550
23 23 (0) 6 : 0.0000999500 0.0000999500 0.0000999500 0.0000999500 0.0000999500 0.9994000000 0.0000999500
24 24 (0) 6 : 0.0000999500 0.0000999500 0.0000999500 0.0000999500 0.0000999500 0.9994000000 0.0000999500
25 25 (0) 7 : 0.0000999730 0.0000999730 0.0560630000 0.0000999730 0.1907970000 0.6572280000 0.0956125000
26 26 (0) 7 : 0.0000999820 0.0102250000 0.0007014170 0.0000999820 0.1124440000 0.7603870000 0.1160420000
27 27 (0) 7 : 0.0000999730 0.0000999730 0.0259556000 0.0000999730 0.1102320000 0.7398970000 0.1236150000
28 28 (0) 7 : 0.0022519900 0.0125160000 0.0602466000 0.0000999910 0.1897470000 0.6342930000 0.1008450000
29 29 (0) 8 : 0.0955540000 0.0606960000 0.0060776300 0.0085389700 0.0000999820 0.8289330000 0.0000999820
30 30 (0) 8 : 0.0383484000 0.0326520000 0.0029673000 0.0643953000 0.0000999820 0.8614370000 0.0000999820
31 31 (0) 8 : 0.0033191600 0.0609520000 0.0000999730 0.0079683100 0.0000999730 0.9274610000 0.0000999730
32 32 (0) 8 : 0.0000999550 0.0408555000 0.0000999550 0.0000999550 0.0000999550 0.9586450000 0.0000999550
33 33 (0) 9 : 0.0387645000 0.0000999730 0.0031260600 0.6770330000 0.0000999730 0.2807760000 0.0000999730
34 34 (0) 9 : 0.0004646640 0.0000999640 0.0000999640 0.7223440000 0.0000999640 0.2767920000 0.0000999640
35 35 (0) 9 : 0.0000999639 0.0000999639 0.0233657000 0.7210500000 0.0000999639 0.2551840000 0.0000999639
36 36 (0) 9 : 0.0323019000 0.0000999730 0.0000999730 0.6761760000 0.0000999730 0.2685920000 0.0226308000
37 37 (0) 10 : 0.0509473000 0.8712640000 0.0265051000 0.0000999910 0.0247739000 0.0173028000 0.0091071300
38 38 (0) 10 : 0.0000999500 0.9994000000 0.0000999500 0.0000999500 0.0000999500 0.0000999500 0.0000999500
39 39 (0) 10 : 0.0006694260 0.9266200000 0.0000999820 0.0100694000 0.0290742000 0.0333673000 0.0000999820
40 40 (0) 10 : 0.0000999500 0.9994000000 0.0000999500 0.0000999500 0.0000999500 0.0000999500 0.0000999500
41 41 (0) 11 : 0.6445600000 0.3346520000 0.0000999640 0.0000999640 0.0000999640 0.0203880000 0.0000999640
42 42 (0) 11 : 0.1848120000 0.6538160000 0.0000999639 0.0000999639 0.0000999639 0.1609720000 0.0000999639
43 43 (0) 11 : 0.1773750000 0.6765930000 0.0000999639 0.0000999639 0.0000999639 0.1456320000 0.0000999639
44 44 (0) 11 : 0.3089430000 0.4492550000 0.0364323000 0.0099337200 0.0259096000 0.1694260000 0.0000999910
45 45 (0) 12 : 0.9968270000 0.0000999550 0.0000999550 0.0026735900 0.0000999550 0.0000999550 0.0000999550
46 46 (0) 12 : 0.9994000000 0.0000999500 0.0000999500 0.0000999500 0.0000999500 0.0000999500 0.0000999500
47 47 (0) 12 : 0.9994000000 0.0000999500 0.0000999500 0.0000999500 0.0000999500 0.0000999500 0.0000999500
48 48 (0) 12 : 0.9981340000 0.0000999550 0.0013659900 0.0000999550 0.0000999550 0.0000999550 0.0000999550
1 1 (0) 1 : 0.3746400000 0.2083610000 0.000099991 0.0938870000 0.1265750000 0.040629300 0.1558070000
2 2 (0) 1 : 0.3913530000 0.2007870000 0.000099991 0.0986463000 0.1077330000 0.051088800 0.1502930000
3 3 (0) 1 : 0.2744970000 0.3447820000 0.000099991 0.0877100000 0.1611540000 0.038017000 0.0937397000
4 4 (0) 1 : 0.2709300000 0.3284210000 0.000099991 0.0791610000 0.1744840000 0.069955900 0.0769484000
5 5 (0) 2 : 0.0000999500 0.0000999500 0.000099950 0.0000999500 0.9994000000 0.000099950 0.0000999500
6 6 (0) 2 : 0.0000999500 0.0000999500 0.000099950 0.0000999500 0.9994000000 0.000099950 0.0000999500
7 7 (0) 2 : 0.0000999500 0.0000999500 0.000099950 0.0000999500 0.9994000000 0.000099950 0.0000999500
8 8 (0) 2 : 0.0301319000 0.0000999640 0.006004310 0.0000999640 0.9634640000 0.000099964 0.0000999640
9 9 (0) 3 : 0.0000999500 0.0000999500 0.000099950 0.0000999500 0.0000999500 0.000099950 0.9994000000
10 10 (0) 3 : 0.0000999500 0.0000999500 0.000099950 0.0000999500 0.0000999500 0.000099950 0.9994000000
11 11 (0) 3 : 0.0000999500 0.0000999500 0.000099950 0.0000999500 0.0000999500 0.000099950 0.9994000000
12 12 (0) 3 : 0.0901293000 0.0299172000 0.000099991 0.0022895100 0.0634079000 0.048264700 0.7658910000
13 13 (0) 4 : 0.8754830000 0.0001539050 0.000099973 0.0000999730 0.0723585000 0.000099973 0.0517042000
14 14 (0) 4 : 0.9994000000 0.0000999500 0.000099950 0.0000999500 0.0000999500 0.000099950 0.0000999500
15 15 (0) 4 : 0.9720600000 0.0000999550 0.000099955 0.0000999550 0.0000999550 0.000099955 0.0274403000
16 16 (0) 4 : 0.9994000000 0.0000999500 0.000099950 0.0000999500 0.0000999500 0.000099950 0.0000999500
17 17 (0) 5 : 0.0000999500 0.0000999500 0.000099950 0.9994000000 0.0000999500 0.000099950 0.0000999500
18 18 (0) 5 : 0.0000999550 0.0000999550 0.000099955 0.9990830000 0.0004172880 0.000099955 0.0000999550
19 19 (0) 5 : 0.0000999500 0.0000999500 0.000099950 0.9994000000 0.0000999500 0.000099950 0.0000999500
20 20 (0) 5 : 0.0000999550 0.0050007300 0.000099955 0.9944990000 0.0000999550 0.000099955 0.0000999550
21 21 (0) 6 : 0.0000999639 0.0000999639 0.011693400 0.0208685000 0.0000999639 0.967038000 0.0000999639
22 22 (0) 6 : 0.0000999550 0.0000999550 0.000099955 0.0130481000 0.0000999550 0.986452000 0.0000999550
23 23 (0) 6 : 0.0000999500 0.0000999500 0.000099950 0.0000999500 0.0000999500 0.999400000 0.0000999500
24 24 (0) 6 : 0.0000999500 0.0000999500 0.000099950 0.0000999500 0.0000999500 0.999400000 0.0000999500
25 25 (0) 7 : 0.0000999730 0.0000999730 0.000099973 0.0657032000 0.1066780000 0.651099000 0.1762200000
26 26 (0) 7 : 0.0000999730 0.0277292000 0.000099973 0.0000999730 0.0975715000 0.762637000 0.1117620000
27 27 (0) 7 : 0.0000999820 0.0148186000 0.000099982 0.0054037900 0.0960927000 0.751428000 0.1320570000
28 28 (0) 7 : 0.0000999900 0.0080791500 0.004746970 0.0610663000 0.1025700000 0.627028000 0.1964100000
29 29 (0) 8 : 0.0000999730 0.0755086000 0.061679600 0.0152880000 0.0000999730 0.847224000 0.0000999730
30 30 (0) 8 : 0.0646236000 0.0214595000 0.011232400 0.0135511000 0.0000999820 0.888933000 0.0000999820
31 31 (0) 8 : 0.0000999550 0.0535002000 0.000099955 0.0000999550 0.0000999550 0.946000000 0.0000999550
32 32 (0) 8 : 0.0000999550 0.0363825000 0.000099955 0.0000999550 0.0000999550 0.963118000 0.0000999550
33 33 (0) 9 : 0.6796130000 0.0000999730 0.015837600 0.0098081800 0.0000999730 0.294441000 0.0000999730
34 34 (0) 9 : 0.7403790000 0.0000999550 0.000099955 0.0000999550 0.0000999550 0.259121000 0.0000999550
35 35 (0) 9 : 0.7339370000 0.0000999730 0.001555070 0.0068778500 0.0000999730 0.257330000 0.0000999730
36 36 (0) 9 : 0.6830660000 0.0000999729 0.024694200 0.0000999729 0.0369361000 0.255004000 0.0000999729
37 37 (0) 10 : 0.0000999900 0.9191090000 0.028686100 0.0174425000 0.0286804000 0.001353090 0.0046290700
38 38 (0) 10 : 0.0000999500 0.9994000000 0.000099950 0.0000999500 0.0000999500 0.000099950 0.0000999500
39 39 (0) 10 : 0.0144210000 0.9203010000 0.014788700 0.0134012000 0.0165557000 0.020432100 0.0000999910
40 40 (0) 10 : 0.0000999500 0.9994000000 0.000099950 0.0000999500 0.0000999500 0.000099950 0.0000999500
41 41 (0) 11 : 0.0000999640 0.3576310000 0.612669000 0.0000999640 0.0000999640 0.029300300 0.0000999640
42 42 (0) 11 : 0.0000999639 0.7108410000 0.159146000 0.0000999639 0.0000999639 0.129613000 0.0000999639
43 43 (0) 11 : 0.0000999639 0.7334530000 0.145969000 0.0000999639 0.0000999639 0.120178000 0.0000999639
44 44 (0) 11 : 0.0000999820 0.4575680000 0.289746000 0.0329998000 0.0000999820 0.194413000 0.0250734000
45 45 (0) 12 : 0.0013798700 0.0000999640 0.995227000 0.0000999640 0.0029934600 0.000099964 0.0000999640
46 46 (0) 12 : 0.0000999500 0.0000999500 0.999400000 0.0000999500 0.0000999500 0.000099950 0.0000999500
47 47 (0) 12 : 0.0000999500 0.0000999500 0.999400000 0.0000999500 0.0000999500 0.000099950 0.0000999500
48 48 (0) 12 : 0.0000999500 0.0000999500 0.999400000 0.0000999500 0.0000999500 0.000099950 0.0000999500
1 1 (0) 1 : 0.0547133000 0.1467770000 0.0000999900 0.1775280000 0.1059460000 0.3018840000 0.2130510000
2 2 (0) 1 : 0.0640925000 0.1363580000 0.0000999910 0.1715370000 0.1204360000 0.2896960000 0.2177810000
3 3 (0) 1 : 0.0824985000 0.0583882000 0.0000999910 0.3237160000 0.0522486000 0.1505410000 0.3325080000
4 4 (0) 1 : 0.1070890000 0.0442724000 0.0000999910 0.2900550000 0.0684487000 0.1749720000 0.3150640000
5 5 (0) 2 : 0.0000999549 0.0000999549 0.0059909400 0.0000999549 0.0000999549 0.0000999549 0.9935090000
6 6 (0) 2 : 0.0000999500 0.0000999500 0.0000999500 0.0000999500 0.0000999500 0.0000999500 0.9994000000
7 7 (0) 2 : 0.0000999500 0.0000999500 0.0000999500 0.0000999500 0.0000999500 0.0000999500 0.9994000000
8 8 (0) 2 : 0.0000999639 0.0000999639 0.0024668100 0.0000999639 0.0000999639 0.0093043900 0.9878290000
9 9 (0) 3 : 0.0000999500 0.9994000000 0.0000999500 0.0000999500 0.0000999500 0.0000999500 0.0000999500
10 10 (0) 3 : 0.0000999500 0.9994000000 0.0000999500 0.0000999500 0.0000999500 0.0000999500 0.0000999500
11 11 (0) 3 : 0.0000999500 0.9994000000 0.0000999500 0.0000999500 0.0000999500 0.0000999500 0.0000999500
12 12 (0) 3 : 0.0426620000 0.7780890000 0.0000999910 0.0389546000 0.0241427000 0.0431978000 0.0728541000
13 13 (0) 4 : 0.0000999820 0.0466763000 0.0000999820 0.0052512100 0.0092930400 0.8651070000 0.0734728000
14 14 (0) 4 : 0.0000999500 0.0000999500 0.0000999500 0.0000999500 0.0000999500 0.9994000000 0.0000999500
15 15 (0) 4 : 0.0000999500 0.0187926000 0.0000999500 0.0000999500 0.0000999500 0.9807080000 0.0000999500
16 16 (0) 4 : 0.0000999500 0.0000999500 0.0000999500 0.0000999500 0.0000999500 0.9994000000 0.0000999500
17 17 (0) 5 : 0.0000999500 0.0000999500 0.0000999500 0.0000999500 0.9994000000 0.0000999500 0.0000999500
18 18 (0) 5 : 0.0000999500 0.0000999500 0.0000999500 0.0000999500 0.9994000000 0.0000999500 0.0000999500
19 19 (0) 5 : 0.0000999500 0.0000999500 0.0000999500 0.0000999500 0.9994000000 0.0000999500 0.0000999500
20 20 (0) 5 : 0.0000999640 0.0044267200 0.0000999640 0.0000999640 0.9928970000 0.0022761000 0.0000999640
21 21 (0) 6 : 0.9618770000 0.0000999730 0.0076049500 0.0091435500 0.0210742000 0.0000999730 0.0000999730
22 22 (0) 6 : 0.9972070000 0.0000999550 0.0000999550 0.0000999550 0.0022935300 0.0000999550 0.0000999550
23 23 (0) 6 : 0.9994000000 0.0000999500 0.0000999500 0.0000999500 0.0000999500 0.0000999500 0.0000999500
24 24 (0) 6 : 0.9994000000 0.0000999500 0.0000999500 0.0000999500 0.0000999500 0.0000999500 0.0000999500
25 25 (0) 7 : 0.6513810000 0.1844500000 0.0000999730 0.0000999730 0.0789833000 0.0000999730 0.0848865000
26 26 (0) 7 : 0.7557160000 0.0978680000 0.0000999730 0.0239652000 0.0000999730 0.0000999730 0.1221510000
27 27 (0) 7 : 0.7610620000 0.1084750000 0.0000999820 0.0116656000 0.0002774680 0.0000999820 0.1183200000
28 28 (0) 7 : 0.6378120000 0.1925930000 0.0035060500 0.0000999820 0.0739627000 0.0000999820 0.0919260000
29 29 (0) 8 : 0.8483240000 0.0000999820 0.0511479000 0.0724055000 0.0115175000 0.0164054000 0.0000999820
30 30 (0) 8 : 0.8923670000 0.0000999820 0.0212647000 0.0122353000 0.0104181000 0.0635145000 0.0000999820
31 31 (0) 8 : 0.9384820000 0.0000999640 0.0144690000 0.0466488000 0.0000999640 0.0000999640 0.0000999640
32 32 (0) 8 : 0.9711280000 0.0000999550 0.0000999550 0.0283723000 0.0000999550 0.0000999550 0.0000999550
33 33 (0) 9 : 0.2770630000 0.0000999639 0.0320290000 0.0000999639 0.0000999639 0.6905080000 0.0000999639
34 34 (0) 9 : 0.2680930000 0.0000999640 0.0010807700 0.0000999640 0.0000999640 0.7304260000 0.0000999640
35 35 (0) 9 : 0.2776160000 0.0000999549 0.0000999549 0.0000999549 0.0000999549 0.7218840000 0.0000999549
36 36 (0) 9 : 0.2693290000 0.0000999730 0.0261824000 0.0000999730 0.0000999730 0.6959670000 0.0082210700
37 37 (0) 10 : 0.0056140300 0.0237683000 0.0354002000 0.9235160000 0.0115019000 0.0000999820 0.0000999820
38 38 (0) 10 : 0.0000999500 0.0000999500 0.0000999500 0.9994000000 0.0000999500 0.0000999500 0.0000999500
39 39 (0) 10 : 0.0000999900 0.0121104000 0.0133710000 0.9320860000 0.0133556000 0.0247648000 0.0042121200
40 40 (0) 10 : 0.0000999500 0.0000999500 0.0000999500 0.9994000000 0.0000999500 0.0000999500 0.0000999500
41 41 (0) 11 : 0.0306003000 0.0000999640 0.6142130000 0.3547860000 0.0000999640 0.0000999640 0.0000999640
42 42 (0) 11 : 0.1300050000 0.0000999639 0.1676290000 0.7019660000 0.0000999639 0.0000999639 0.0000999639
43 43 (0) 11 : 0.1292310000 0.0000999639 0.1497130000 0.7206570000 0.0000999639 0.0000999639 0.0000999639
44 44 (0) 11 : 0.1513220000 0.0092744100 0.2785410000 0.5046020000 0.0410288000 0.0151314000 0.0000999910
45 45 (0) 12 : 0.0000999550 0.0000999550 0.9903110000 0.0000999550 0.0000999550 0.0091889500 0.0000999550
46 46 (0) 12 : 0.0000999500 0.0000999500 0.9994000000 0.0000999500 0.0000999500 0.0000999500 0.0000999500
47 47 (0) 12 : 0.0000999500 0.0000999500 0.9994000000 0.0000999500 0.0000999500 0.0000999500 0.0000999500
48 48 (0) 12 : 0.0000999500 0.0000999500 0.9994000000 0.0000999500 0.0000999500 0.0000999500 0.0000999500
1 1 (0) 1 : 0.6671480000 0.0822838000 0.0444104000 0.0000999910 0.0668756000 0.1126860000 0.0264955000
2 2 (0) 1 : 0.6665690000 0.0895643000 0.0599070000 0.0000999910 0.0611797000 0.1072130000 0.0154678000
3 3 (0) 1 : 0.7213350000 0.0609699000 0.0000999640 0.0000999640 0.0000999640 0.2172950000 0.0000999640
4 4 (0) 1 : 0.7000610000 0.0908198000 0.0000999730 0.0000999730 0.0111442000 0.1976750000 0.0000999730
5 5 (0) 2 : 0.9994000000 0.0000999500 0.0000999500 0.0000999500 0.0000999500 0.0000999500 0.0000999500
6 6 (0) 2 : 0.9953620000 0.0000999549 0.0000999549 0.0000999549 0.0000999549 0.0000999549 0.0041383900
7 7 (0) 2 : 0.9930950000 0.0000999549 0.0000999549 0.0000999549 0.0000999549 0.0000999549 0.0064050900
8 8 (0) 2 : 0.9778090000 0.0000999639 0.0141264000 0.0000999639 0.0000999639 0.0000999639 0.0076651000
9 9 (0) 3 : 0.0000999500 0.0000999500 0.0000999500 0.0000999500 0.0000999500 0.0000999500 0.9994000000
10 10 (0) 3 : 0.0000999500 0.0000999500 0.0000999500 0.0000999500 0.0000999500 0.0000999500 0.9994000000
11 11 (0) 3 : 0.0000999500 0.0000999500 0.0000999500 0.0000999500 0.0000999500 0.0000999500 0.9994000000
12 12 (0) 3 : 0.0776745000 0.0355602000 0.0678153000 0.0000999910 0.0101704000 0.0322025000 0.7764770000
13 13 (0) 4 : 0.2044190000 0.0000999639 0.7778750000 0.0000999639 0.0000999639 0.0000999639 0.0173056000
14 14 (0) 4 : 0.0000999500 0.0000999500 0.9994000000 0.0000999500 0.0000999500 0.0000999500 0.0000999500
15 15 (0) 4 : 0.0743040000 0.0000999640 0.9174800000 0.0000999640 0.0000999640 0.0000999640 0.0078164000
16 16 (0) 4 : 0.0000999500 0.0000999500 0.9994000000 0.0000999500 0.0000999500 0.0000999500 0.0000999500
17 17 (0) 5 : 0.0000999500 0.0000999500 0.0000999500 0.0000999500 0.9994000000 0.0000999500 0.0000999500
18 18 (0) 5 : 0.0000999500 0.0000999500 0.0000999500 0.0000999500 0.9994000000 0.0000999500 0.0000999500
19 19 (0) 5 : 0.0000999500 0.0000999500 0.0000999500 0.0000999500 0.9994000000 0.0000999500 0.0000999500
20 20 (0) 5 : 0.0000999550 0.0000999550 0.0000999550 0.0000999550 0.9878800000 0.0116204000 0.0000999550
21 21 (0) 6 : 0.0000999639 0.9676940000 0.0000999639 0.0139518000 0.0179540000 0.0000999639 0.0000999639
22 22 (0) 6 : 0.0000999550 0.9909960000 0.0000999550 0.0085038200 0.0000999550 0.0000999550 0.0000999550
23 23 (0) 6 : 0.0000999500 0.9994000000 0.0000999500 0.0000999500 0.0000999500 0.0000999500 0.0000999500
24 24 (0) 6 : 0.0000999500 0.9994000000 0.0000999500 0.0000999500 0.0000999500 0.0000999500 0.0000999500
25 25 (0) 7 : 0.1223460000 0.6359070000 0.0000999730 0.0000999730 0.0573338000 0.0000999730 0.1841130000
26 26 (0) 7 : 0.1553010000 0.7420430000 0.0000999730 0.0000999730 0.0000999730 0.0126158000 0.0897403000
27 27 (0) 7 : 0.1498380000 0.7457360000 0.0000999730 0.0000999730 0.0035698600 0.0000999730 0.1005560000
28 28 (0) 7 : 0.1261250000 0.6089120000 0.0000999820 0.0000999820 0.0812959000 0.0018131500 0.1816540000
29 29 (0) 8 : 0.0000999820 0.8177970000 0.0169878000 0.0579105000 0.0071468300 0.0999575000 0.0000999820
30 30 (0) 8 : 0.0000999730 0.8876230000 0.0660336000 0.0000999730 0.0221012000 0.0239423000 0.0000999730
31 31 (0) 8 : 0.0000999730 0.9381120000 0.0231871000 0.0070777300 0.0000999730 0.0313229000 0.0000999730
32 32 (0) 8 : 0.0000999550 0.9542000000 0.0000999550 0.0000999550 0.0000999550 0.0453000000 0.0000999550
33 33 (0) 9 : 0.0000999730 0.2492230000 0.6943770000 0.0396460000 0.0164542000 0.0000999730 0.0000999730
34 34 (0) 9 : 0.0000999730 0.2217860000 0.7484730000 0.0219873000 0.0074535400 0.0000999730 0.0000999730
35 35 (0) 9 : 0.0000999730 0.2575520000 0.7307350000 0.0000999730 0.0054155000 0.0059978500 0.0000999730
36 36 (0) 9 : 0.0000999639 0.2546540000 0.7145660000 0.0303800000 0.0000999639 0.0000999639 0.0000999639
37 37 (0) 10 : 0.0213767000 0.0113534000 0.0000999910 0.0374687000 0.0113797000 0.8958020000 0.0225198000
38 38 (0) 10 : 0.0000999500 0.0000999500 0.0000999500 0.0000999500 0.0000999500 0.9994000000 0.0000999500
39 39 (0) 10 : 0.0245825000 0.0282170000 0.0196848000 0.0000999820 0.0000999820 0.9215610000 0.0057552400
40 40 (0) 10 : 0.0000999500 0.0000999500 0.0000999500 0.0000999500 0.0000999500 0.9994000000 0.0000999500
41 41 (0) 11 : 0.0000999640 0.0480615000 0.0000999640 0.6178730000 0.0000999640 0.3336660000 0.0000999640
42 42 (0) 11 : 0.0000999639 0.1157430000 0.0000999639 0.1565200000 0.0000999639 0.7273370000 0.0000999639
43 43 (0) 11 : 0.0000999640 0.1274420000 0.0000999640 0.1348740000 0.0000999640 0.7372840000 0.0000999640
44 44 (0) 11 : 0.0000999900 0.1507880000 0.0187653000 0.2891160000 0.0388606000 0.4719360000 0.0304335000
45 45 (0) 12 : 0.0000999500 0.0000999500 0.0000999500 0.9994000000 0.0000999500 0.0000999500 0.0000999500
46 46 (0) 12 : 0.0000999500 0.0000999500 0.0000999500 0.9994000000 0.0000999500 0.0000999500 0.0000999500
47 47 (0) 12 : 0.0000999500 0.0000999500 0.0000999500 0.9994000000 0.0000999500 0.0000999500 0.0000999500
48 48 (0) 12 : 0.0000999500 0.0000999500 0.0000999500 0.9994000000 0.0000999500 0.0000999500 0.0000999500
1 1 (0) 1 : 0.1959230000 0.3701540000 0.077229200 0.1890490000 0.0867907000 0.0000999900 0.080754200
2 2 (0) 1 : 0.1813860000 0.4060800000 0.070090000 0.1852490000 0.0823760000 0.0000999910 0.074718800
3 3 (0) 1 : 0.1000430000 0.4692220000 0.070277500 0.3084930000 0.0066134400 0.0000999910 0.045251500
4 4 (0) 1 : 0.1061450000 0.4668960000 0.090556600 0.2744710000 0.0073600800 0.0000999910 0.054471700
5 5 (0) 2 : 0.0000999500 0.9994000000 0.000099950 0.0000999500 0.0000999500 0.0000999500 0.000099950
6 6 (0) 2 : 0.0000999500 0.9994000000 0.000099950 0.0000999500 0.0000999500 0.0000999500 0.000099950
7 7 (0) 2 : 0.0000999500 0.9994000000 0.000099950 0.0000999500 0.0000999500 0.0000999500 0.000099950
8 8 (0) 2 : 0.0000999500 0.9994000000 0.000099950 0.0000999500 0.0000999500 0.0000999500 0.000099950
9 9 (0) 3 : 0.0000999500 0.0000999500 0.000099950 0.0000999500 0.9994000000 0.0000999500 0.000099950
10 10 (0) 3 : 0.0000999500 0.0000999500 0.000099950 0.0000999500 0.9994000000 0.0000999500 0.000099950
11 11 (0) 3 : 0.0000999500 0.0000999500 0.000099950 0.0000999500 0.9994000000 0.0000999500 0.000099950
12 12 (0) 3 : 0.0662154000 0.0801306000 0.038786800 0.0499908000 0.7501960000 0.0000999910 0.014580900
13 13 (0) 4 : 0.8371920000 0.1199020000 0.000099982 0.0010567200 0.0333455000 0.0000999820 0.008304320
14 14 (0) 4 : 0.9994000000 0.0000999500 0.000099950 0.0000999500 0.0000999500 0.0000999500 0.000099950
15 15 (0) 4 : 0.9449320000 0.0348916000 0.000099964 0.0000999640 0.0197763000 0.0000999640 0.000099964
16 16 (0) 4 : 0.9994000000 0.0000999500 0.000099950 0.0000999500 0.0000999500 0.0000999500 0.000099950
17 17 (0) 5 : 0.0000999500 0.0000999500 0.000099950 0.0000999500 0.0000999500 0.0000999500 0.999400000
18 18 (0) 5 : 0.0000999500 0.0000999500 0.000099950 0.0000999500 0.0000999500 0.0000999500 0.999400000
19 19 (0) 5 : 0.0000999500 0.0000999500 0.000099950 0.0000999500 0.0000999500 0.0000999500 0.999400000
20 20 (0) 5 : 0.0000999600 0.0000999600 0.000099960 0.0096323100 0.0000999600 0.0039713300 0.985997000
21 21 (0) 6 : 0.0000999639 0.0000999639 0.972211000 0.0000999639 0.0000999639 0.0061240900 0.021264900
22 22 (0) 6 : 0.0000999550 0.0000999550 0.994958000 0.0000999550 0.0000999550 0.0000999550 0.004541890
23 23 (0) 6 : 0.0000999500 0.0000999500 0.999400000 0.0000999500 0.0000999500 0.0000999500 0.000099950
24 24 (0) 6 : 0.0000999550 0.0057739800 0.993726000 0.0000999550 0.0000999550 0.0000999550 0.000099955
25 25 (0) 7 : 0.0000999820 0.0993798000 0.651521000 0.0000999820 0.1835010000 0.0042008700 0.061197100
26 26 (0) 7 : 0.0000999730 0.1468770000 0.754750000 0.0036637700 0.0944098000 0.0000999730 0.000099973
27 27 (0) 7 : 0.0000999820 0.1372540000 0.752795000 0.0008839500 0.1064600000 0.0000999820 0.002407870
28 28 (0) 7 : 0.0000999900 0.0777864000 0.615550000 0.0038846200 0.2112040000 0.0038760500 0.087599200
29 29 (0) 8 : 0.0105310000 0.0000999820 0.828749000 0.0704750000 0.0000999820 0.0832815000 0.006762970
30 30 (0) 8 : 0.0707908000 0.0000999820 0.884595000 0.0244225000 0.0000999820 0.0132658000 0.006726480
31 31 (0) 8 : 0.0000999600 0.0000999600 0.929048000 0.0530542000 0.0000999600 0.0174979000 0.000099960
32 32 (0) 8 : 0.0000999550 0.0000999550 0.956404000 0.0430957000 0.0000999550 0.0000999550 0.000099955
33 33 (0) 9 : 0.6867260000 0.0000999700 0.279034000 0.0000999700 0.0000999700 0.0240227000 0.009918000
34 34 (0) 9 : 0.7337860000 0.0000999550 0.265714000 0.0000999550 0.0000999550 0.0000999550 0.000099955
35 35 (0) 9 : 0.7168540000 0.0000999639 0.273682000 0.0000999639 0.0000999639 0.0000999639 0.009064440
36 36 (0) 9 : 0.6733900000 0.0230299000 0.268578000 0.0000999730 0.0000999730 0.0347020000 0.000099973
37 37 (0) 10 : 0.0000999820 0.0000999820 0.031370800 0.8874370000 0.0258847000 0.0371272000 0.017980100
38 38 (0) 10 : 0.0000999500 0.0000999500 0.000099950 0.9994000000 0.0000999500 0.0000999500 0.000099950
39 39 (0) 10 : 0.0159941000 0.0095640700 0.000099982 0.9591440000 0.0132894000 0.0018089300 0.000099982
40 40 (0) 10 : 0.0000999500 0.0000999500 0.000099950 0.9994000000 0.0000999500 0.0000999500 0.000099950
41 41 (0) 11 : 0.0000999730 0.0000999730 0.045004400 0.3080680000 0.0000999730 0.6450040000 0.001624010
42 42 (0) 11 : 0.0000999640 0.0000999640 0.137751000 0.7111030000 0.0000999640 0.1507470000 0.000099964
43 43 (0) 11 : 0.0069776700 0.0000999730 0.119325000 0.7234010000 0.0000999730 0.1499970000 0.000099973
44 44 (0) 11 : 0.0110571000 0.0000999910 0.184905000 0.4405890000 0.0326332000 0.2968790000 0.033837000
45 45 (0) 12 : 0.0062936400 0.0000999550 0.000099955 0.0000999550 0.0000999550 0.9932070000 0.000099955
46 46 (0) 12 : 0.0000999500 0.0000999500 0.000099950 0.0000999500 0.0000999500 0.9994000000 0.000099950
47 47 (0) 12 : 0.0000999500 0.0000999500 0.000099950 0.0000999500 0.0000999500 0.9994000000 0.000099950
48 48 (0) 12 : 0.0000999550 0.0000999550 0.000099955 0.0000999550 0.0000999550 0.9978300000 0.001670370
1 1 (0) 1 : 0.0568567000 0.0406677000 0.4524770000 0.0000999910 0.1971360000 0.0842945000 0.1684680000
2 2 (0) 1 : 0.0414136000 0.0306411000 0.4599570000 0.0000999910 0.1815270000 0.0991816000 0.1871800000
3 3 (0) 1 : 0.0494040000 0.0828422000 0.3786280000 0.0000999910 0.1241900000 0.0505829000 0.3142530000
4 4 (0) 1 : 0.0820214000 0.1002340000 0.3433480000 0.0000999910 0.1161590000 0.0486840000 0.3094540000
5 5 (0) 2 : 0.0000999640 0.9907110000 0.0000999640 0.0087199500 0.0000999640 0.0001693410 0.0000999640
6 6 (0) 2 : 0.0000999500 0.9926870000 0.0000999500 0.0000999500 0.0068130800 0.0000999500 0.0000999500
7 7 (0) 2 : 0.0000999500 0.9994000000 0.0000999500 0.0000999500 0.0000999500 0.0000999500 0.0000999500
8 8 (0) 2 : 0.0000999640 0.9638310000 0.0302485000 0.0055201800 0.0000999640 0.0000999640 0.0000999640
9 9 (0) 3 : 0.0000999500 0.0000999500 0.0000999500 0.0000999500 0.9994000000 0.0000999500 0.0000999500
10 10 (0) 3 : 0.0000999500 0.0000999500 0.0000999500 0.0000999500 0.9994000000 0.0000999500 0.0000999500
11 11 (0) 3 : 0.0000999500 0.0000999500 0.0000999500 0.0000999500 0.9994000000 0.0000999500 0.0000999500
12 12 (0) 3 : 0.0536240000 0.0680794000 0.0563808000 0.0000999910 0.7913830000 0.0001478840 0.0302847000
13 13 (0) 4 : 0.0000999820 0.0681400000 0.8877450000 0.0000999820 0.0193326000 0.0137123000 0.0108706000
14 14 (0) 4 : 0.0000999500 0.0000999500 0.9994000000 0.0000999500 0.0000999500 0.0000999500 0.0000999500
15 15 (0) 4 : 0.0000999549 0.0000999549 0.9946720000 0.0000999549 0.0048286400 0.0000999549 0.0000999549
16 16 (0) 4 : 0.0000999500 0.0000999500 0.9994000000 0.0000999500 0.0000999500 0.0000999500 0.0000999500
17 17 (0) 5 : 0.0000999500 0.0000999500 0.0000999500 0.0000999500 0.0000999500 0.9994000000 0.0000999500
18 18 (0) 5 : 0.0000999500 0.0000999500 0.0000999500 0.0000999500 0.0000999500 0.9994000000 0.0000999500
19 19 (0) 5 : 0.0000999500 0.0000999500 0.0000999500 0.0000999500 0.0000999500 0.9994000000 0.0000999500
20 20 (0) 5 : 0.0000999640 0.0037527900 0.0000999640 0.0000999640 0.0000999640 0.9873800000 0.0084676700
21 21 (0) 6 : 0.9538590000 0.0000999639 0.0000999639 0.0226809000 0.0000999639 0.0230607000 0.0000999639
22 22 (0) 6 : 0.9879970000 0.0000999549 0.0000999549 0.0000999549 0.0000999549 0.0115030000 0.0000999549
23 23 (0) 6 : 0.9994000000 0.0000999500 0.0000999500 0.0000999500 0.0000999500 0.0000999500 0.0000999500
24 24 (0) 6 : 0.9994000000 0.0000999500 0.0000999500 0.0000999500 0.0000999500 0.0000999500 0.0000999500
25 25 (0) 7 : 0.6744120000 0.0686674000 0.0000999729 0.0000999729 0.1965360000 0.0600848000 0.0000999729
26 26 (0) 7 : 0.7377700000 0.0805457000 0.0000999730 0.0000999730 0.1340800000 0.0000999730 0.0473039000
27 27 (0) 7 : 0.7187960000 0.0798088000 0.0000999820 0.0000999820 0.1440290000 0.0179080000 0.0392590000
28 28 (0) 7 : 0.6322480000 0.0718245000 0.0000999820 0.0072851800 0.2231700000 0.0652727000 0.0000999820
29 29 (0) 8 : 0.8390960000 0.0000999730 0.0000999730 0.0806880000 0.0000999730 0.0021080200 0.0778081000
30 30 (0) 8 : 0.9083190000 0.0000999820 0.0465155000 0.0249655000 0.0000999820 0.0015878600 0.0184121000
31 31 (0) 8 : 0.9434340000 0.0000999640 0.0000999640 0.0095877400 0.0000999640 0.0000999640 0.0465782000
32 32 (0) 8 : 0.9813180000 0.0000999550 0.0000999550 0.0000999550 0.0000999550 0.0000999550 0.0181819000
33 33 (0) 9 : 0.3315870000 0.0545344000 0.5668650000 0.0284471000 0.0000999820 0.0183673000 0.0000999820
34 34 (0) 9 : 0.3376450000 0.0645419000 0.5876890000 0.0000999730 0.0000999730 0.0098232600 0.0000999730
35 35 (0) 9 : 0.3217820000 0.0654782000 0.5971560000 0.0071463600 0.0000999820 0.0082375800 0.0000999820
36 36 (0) 9 : 0.3318880000 0.1020220000 0.5292470000 0.0365433000 0.0000999730 0.0000999730 0.0000999730
37 37 (0) 10 : 0.0060918900 0.0347114000 0.0000999910 0.0167894000 0.0253008000 0.0107481000 0.9062580000
38 38 (0) 10 : 0.0000999500 0.0000999500 0.0000999500 0.0000999500 0.0000999500 0.0000999500 0.9994000000
39 39 (0) 10 : 0.0153900000 0.0000999820 0.0322852000 0.0052606600 0.0079652500 0.0000999820 0.9388990000
40 40 (0) 10 : 0.0000999500 0.0000999500 0.0000999500 0.0000999500 0.0000999500 0.0000999500 0.9994000000
41 41 (0) 11 : 0.0395447000 0.0000999640 0.0000999640 0.6134790000 0.0000999640 0.0000999640 0.3465760000
42 42 (0) 11 : 0.1573300000 0.0000999639 0.0000999639 0.1753080000 0.0000999639 0.0000999639 0.6669620000
43 43 (0) 11 : 0.1363870000 0.0000999639 0.0000999639 0.1731820000 0.0000999639 0.0000999639 0.6900310000
44 44 (0) 11 : 0.1734380000 0.0093432800 0.0081632100 0.2949610000 0.0185149000 0.0381743000 0.4574060000
45 45 (0) 12 : 0.0000999550 0.0005279310 0.0000999550 0.9989720000 0.0000999550 0.0000999550 0.0000999550
46 46 (0) 12 : 0.0000999500 0.0000999500 0.0000999500 0.9994000000 0.0000999500 0.0000999500 0.0000999500
47 47 (0) 12 : 0.0000999500 0.0000999500 0.0000999500 0.9994000000 0.0000999500 0.0000999500 0.0000999500
48 48 (0) 12 : 0.0000999500 0.0000999500 0.0000999500 0.9994000000 0.0000999500 0.0000999500 0.0000999500
1 1 (0) 1 : 0.2748360000 0.1824070000 0.2551960000 0.0727095000 0.0000999910 0.1086350000 0.1061170000
2 2 (0) 1 : 0.2888230000 0.1876080000 0.2350380000 0.0645292000 0.0000999910 0.1010450000 0.1228580000
3 3 (0) 1 : 0.4180360000 0.3354640000 0.0986969000 0.0702926000 0.0000999910 0.0239061000 0.0535047000
4 4 (0) 1 : 0.3993910000 0.3275250000 0.1171290000 0.0767387000 0.0000999910 0.0082032300 0.0709133000
5 5 (0) 2 : 0.9994000000 0.0000999500 0.0000999500 0.0000999500 0.0000999500 0.0000999500 0.0000999500
6 6 (0) 2 : 0.9994000000 0.0000999500 0.0000999500 0.0000999500 0.0000999500 0.0000999500 0.0000999500
7 7 (0) 2 : 0.9994000000 0.0000999500 0.0000999500 0.0000999500 0.0000999500 0.0000999500 0.0000999500
8 8 (0) 2 : 0.9907980000 0.0000999549 0.0087025900 0.0000999549 0.0000999549 0.0000999549 0.0000999549
9 9 (0) 3 : 0.0000999500 0.0000999500 0.0000999500 0.0000999500 0.0000999500 0.9994000000 0.0000999500
10 10 (0) 3 : 0.0000999500 0.0000999500 0.0000999500 0.0000999500 0.0000999500 0.9994000000 0.0000999500
11 11 (0) 3 : 0.0000999500 0.0000999500 0.0000999500 0.0000999500 0.0000999500 0.9994000000 0.0000999500
12 12 (0) 3 : 0.0442220000 0.0387808000 0.0775291000 0.0419896000 0.0000999910 0.7722120000 0.0251667000
13 13 (0) 4 : 0.1218430000 0.0222848000 0.8298810000 0.0000999820 0.0000999820 0.0223838000 0.0034080500
14 14 (0) 4 : 0.0000999500 0.0000999500 0.9994000000 0.0000999500 0.0000999500 0.0000999500 0.0000999500
15 15 (0) 4 : 0.0000999550 0.0000999550 0.9658990000 0.0000999550 0.0000999550 0.0336009000 0.0000999550
16 16 (0) 4 : 0.0000999500 0.0000999500 0.9994000000 0.0000999500 0.0000999500 0.0000999500 0.0000999500
17 17 (0) 5 : 0.0000999500 0.0000999500 0.0000999500 0.0000999500 0.0000999500 0.0000999500 0.9994000000
18 18 (0) 5 : 0.0000999500 0.0000999500 0.0000999500 0.0000999500 0.0000999500 0.0000999500 0.9994000000
19 19 (0) 5 : 0.0000999500 0.0000999500 0.0000999500 0.0000999500 0.0000999500 0.0000999500 0.9994000000
20 20 (0) 5 : 0.0000999640 0.0071459100 0.0000999640 0.0000999640 0.0038393100 0.0000999640 0.9886150000
21 21 (0) 6 : 0.0000999639 0.0000999639 0.0000999639 0.9728560000 0.0146211000 0.0000999639 0.0121227000
22 22 (0) 6 : 0.0022595400 0.0000999730 0.0000999730 0.9750970000 0.0036124800 0.0000999730 0.0187307000
23 23 (0) 6 : 0.0000999500 0.0000999500 0.0000999500 0.9994000000 0.0000999500 0.0000999500 0.0000999500
24 24 (0) 6 : 0.0000999500 0.0000999500 0.0000999500 0.9994000000 0.0000999500 0.0000999500 0.0000999500
25 25 (0) 7 : 0.0892041000 0.0000999730 0.0000999730 0.6644210000 0.0000999730 0.1857440000 0.0603305000
26 26 (0) 7 : 0.1431880000 0.0159853000 0.0000999730 0.7504090000 0.0000999730 0.0901178000 0.0000999730
27 27 (0) 7 : 0.1064280000 0.0024294600 0.0000999820 0.7610760000 0.0000999820 0.1102020000 0.0196649000
28 28 (0) 7 : 0.0757975000 0.0000999729 0.0000999729 0.6604280000 0.0000999729 0.1931960000 0.0702787000
29 29 (0) 8 : 0.0000999730 0.0459806000 0.0193683000 0.8543800000 0.0799711000 0.0000999730 0.0000999730
30 30 (0) 8 : 0.0000999820 0.0130093000 0.0629756000 0.8685280000 0.0362881000 0.0000999820 0.0189992000
31 31 (0) 8 : 0.0000999640 0.0384229000 0.0000999640 0.9534250000 0.0077522000 0.0000999640 0.0000999640
32 32 (0) 8 : 0.0000999550 0.0400438000 0.0000999550 0.9594560000 0.0000999550 0.0000999550 0.0000999550
33 33 (0) 9 : 0.0000999730 0.0000999730 0.6748520000 0.2803770000 0.0381071000 0.0000999730 0.0063639500
34 34 (0) 9 : 0.0000999550 0.0000999550 0.7263850000 0.2731150000 0.0000999550 0.0000999550 0.0000999550
35 35 (0) 9 : 0.0000999639 0.0000999639 0.7341780000 0.2635700000 0.0018522600 0.0000999639 0.0000999639
36 36 (0) 9 : 0.0067734700 0.0000999820 0.6903040000 0.2812320000 0.0175155000 0.0000999820 0.0039753400
37 37 (0) 10 : 0.0238374000 0.9079970000 0.0000999910 0.0048704200 0.0313093000 0.0194253000 0.0124608000
38 38 (0) 10 : 0.0000999500 0.9994000000 0.0000999500 0.0000999500 0.0000999500 0.0000999500 0.0000999500
39 39 (0) 10 : 0.0000999730 0.9346400000 0.0246270000 0.0182520000 0.0000999730 0.0221810000 0.0000999730
40 40 (0) 10 : 0.0000999500 0.9994000000 0.0000999500 0.0000999500 0.0000999500 0.0000999500 0.0000999500
41 41 (0) 11 : 0.0000999640 0.3746200000 0.0000999640 0.0335212000 0.5914590000 0.0000999640 0.0000999640
42 42 (0) 11 : 0.0000999639 0.7189730000 0.0000999639 0.1345230000 0.1461040000 0.0000999639 0.0000999639
43 43 (0) 11 : 0.0000999730 0.7160510000 0.0045762900 0.1248260000 0.1542470000 0.0000999730 0.0000999730
44 44 (0) 11 : 0.0000999900 0.4707310000 0.0266078000 0.1506380000 0.2957410000 0.0235733000 0.0326096000
45 45 (0) 12 : 0.0000999550 0.0000999550 0.0098818000 0.0000999550 0.9896180000 0.0000999550 0.0000999550
46 46 (0) 12 : 0.0000999500 0.0000999500 0.0000999500 0.0000999500 0.9994000000 0.0000999500 0.0000999500
47 47 (0) 12 : 0.0000999500 0.0000999500 0.0000999500 0.0000999500 0.9994000000 0.0000999500 0.0000999500
48 48 (0) 12 : 0.0000999500 0.0000999500 0.0000999500 0.0000999500 0.9994000000 0.0000999500 0.0000999500
1 1 (0) 1 : 0.1165940000 0.0000999910 0.3595210000 0.2129680000 0.0571945000 0.0950629000 0.1585590000
2 2 (0) 1 : 0.1263280000 0.0000999910 0.3596730000 0.2076190000 0.0510828000 0.1031210000 0.1520760000
3 3 (0) 1 : 0.1540290000 0.0000999910 0.2814020000 0.3450480000 0.0387165000 0.0601965000 0.1205070000
4 4 (0) 1 : 0.1467400000 0.0000999910 0.2818730000 0.3253980000 0.0739534000 0.0634410000 0.1084950000
5 5 (0) 2 : 0.9903200000 0.0091803600 0.0000999550 0.0000999550 0.0000999550 0.0000999550 0.0000999550
6 6 (0) 2 : 0.9994000000 0.0000999500 0.0000999500 0.0000999500 0.0000999500 0.0000999500 0.0000999500
7 7 (0) 2 : 0.9994000000 0.0000999500 0.0000999500 0.0000999500 0.0000999500 0.0000999500 0.0000999500
8 8 (0) 2 : 0.9736500000 0.0141543000 0.0117960000 0.0000999640 0.0000999640 0.0000999640 0.0000999640
9 9 (0) 3 : 0.0000999500 0.0000999500 0.0000999500 0.0000999500 0.0000999500 0.0000999500 0.9994000000
10 10 (0) 3 : 0.0000999500 0.0000999500 0.0000999500 0.0000999500 0.0000999500 0.0000999500 0.9994000000
11 11 (0) 3 : 0.0000999500 0.0000999500 0.0000999500 0.0000999500 0.0000999500 0.0000999500 0.9994000000
12 12 (0) 3 : 0.0573785000 0.0025448400 0.0727040000 0.0460187000 0.0428468000 0.0232581000 0.7552490000
13 13 (0) 4 : 0.0594900000 0.0000999800 0.8979320000 0.0032260300 0.0000999800 0.0100636000 0.0290879000
14 14 (0) 4 : 0.0000999500 0.0000999500 0.9994000000 0.0000999500 0.0000999500 0.0000999500 0.0000999500
15 15 (0) 4 : 0.0000999549 0.0000999549 0.9785520000 0.0000999549 0.0000999549 0.0000999549 0.0209485000
16 16 (0) 4 : 0.0000999500 0.0000999500 0.9994000000 0.0000999500 0.0000999500 0.0000999500 0.0000999500
17 17 (0) 5 : 0.0000999500 0.0000999500 0.0000999500 0.0000999500 0.0000999500 0.9994000000 0.0000999500
18 18 (0) 5 : 0.0000999500 0.0000999500 0.0000999500 0.0000999500 0.0000999500 0.9994000000 0.0000999500
19 19 (0) 5 : 0.0000999500 0.0000999500 0.0000999500 0.0000999500 0.0000999500 0.9994000000 0.0000999500
20 20 (0) 5 : 0.0050576400 0.0000999640 0.0000999640 0.0062596300 0.0000999640 0.9882830000 0.0000999640
21 21 (0) 6 : 0.0000999639 0.0287980000 0.0000999639 0.0000999639 0.9635550000 0.0072472800 0.0000999639
22 22 (0) 6 : 0.0000999690 0.0115497000 0.0000999690 0.0000999690 0.9836380000 0.0044129600 0.0000999690
23 23 (0) 6 : 0.0000999500 0.0000999500 0.0000999500 0.0000999500 0.9994000000 0.0000999500 0.0000999500
24 24 (0) 6 : 0.0000999500 0.0000999500 0.0000999500 0.0000999500 0.9994000000 0.0000999500 0.0000999500
25 25 (0) 7 : 0.0641362000 0.0000999730 0.0000999730 0.0000999730 0.6844210000 0.0645194000 0.1866240000
26 26 (0) 7 : 0.0741884000 0.0000999730 0.0000999730 0.0233443000 0.7605280000 0.0000999730 0.1416400000
27 27 (0) 7 : 0.0679932000 0.0000999820 0.0000999820 0.0084949700 0.7469610000 0.0317992000 0.1445510000
28 28 (0) 7 : 0.0644269000 0.0000999820 0.0000999820 0.0017401600 0.6436270000 0.0804423000 0.2095640000
29 29 (0) 8 : 0.0000999730 0.0653327000 0.0138283000 0.0867506000 0.8337880000 0.0000999730 0.0000999730
30 30 (0) 8 : 0.0000999820 0.0190121000 0.0414536000 0.0237793000 0.9125750000 0.0029798100 0.0000999820
31 31 (0) 8 : 0.0000999640 0.0125401000 0.0000999640 0.0383643000 0.9486960000 0.0000999640 0.0000999640
32 32 (0) 8 : 0.0000999640 0.0067684900 0.0000999640 0.0259668000 0.9668650000 0.0000999640 0.0000999640
33 33 (0) 9 : 0.0079667900 0.0463736000 0.6129090000 0.0000999820 0.3181380000 0.0144124000 0.0000999820
34 34 (0) 9 : 0.0000999730 0.0131959000 0.6623900000 0.0000999730 0.3000620000 0.0240526000 0.0000999730
35 35 (0) 9 : 0.0081072200 0.0007933790 0.6566290000 0.0000999820 0.3112850000 0.0229860000 0.0000999820
36 36 (0) 9 : 0.0179999000 0.0133308000 0.6362780000 0.0000999730 0.3320910000 0.0000999730 0.0000999730
37 37 (0) 10 : 0.0104960000 0.0265612000 0.0000999900 0.9039350000 0.0257413000 0.0235612000 0.0096052700
38 38 (0) 10 : 0.0000999500 0.0000999500 0.0000999500 0.9994000000 0.0000999500 0.0000999500 0.0000999500
39 39 (0) 10 : 0.0150217000 0.0205860000 0.0249951000 0.9123570000 0.0017621000 0.0084218800 0.0168563000
40 40 (0) 10 : 0.0000999500 0.0000999500 0.0000999500 0.9994000000 0.0000999500 0.0000999500 0.0000999500
41 41 (0) 11 : 0.0000999640 0.5817960000 0.0000999640 0.3681500000 0.0496550000 0.0000999640 0.0000999640
42 42 (0) 11 : 0.0000999639 0.1430990000 0.0000999639 0.7099840000 0.1465170000 0.0000999639 0.0000999639
43 43 (0) 11 : 0.0000999639 0.1478880000 0.0000999639 0.7280320000 0.1236800000 0.0000999639 0.0000999639
44 44 (0) 11 : 0.0000999910 0.2874410000 0.0053981500 0.4862660000 0.1727310000 0.0274669000 0.0205970000
45 45 (0) 12 : 0.0000999500 0.9994000000 0.0000999500 0.0000999500 0.0000999500 0.0000999500 0.0000999500
46 46 (0) 12 : 0.0000999500 0.9994000000 0.0000999500 0.0000999500 0.0000999500 0.0000999500 0.0000999500
47 47 (0) 12 : 0.0000999500 0.9994000000 0.0000999500 0.0000999500 0.0000999500 0.0000999500 0.0000999500
48 48 (0) 12 : 0.0000999500 0.9994000000 0.0000999500 0.0000999500 0.0000999500 0.0000999500 0.0000999500
1 1 (0) 1 : 0.0000999910 0.1493880000 0.1019650000 0.0449692000 0.3310610000 0.1678680000 0.2046480000
2 2 (0) 1 : 0.0000999910 0.1511910000 0.1042540000 0.0551946000 0.3241020000 0.1662050000 0.1989530000
3 3 (0) 1 : 0.0000999910 0.0717701000 0.0818872000 0.0507716000 0.1837670000 0.2630960000 0.3486080000
4 4 (0) 1 : 0.0000999900 0.0648497000 0.0926810000 0.0558287000 0.1998890000 0.2520080000 0.3346440000
5 5 (0) 2 : 0.0000999500 0.0000999500 0.0000999500 0.0000999500 0.0000999500 0.9994000000 0.0000999500
6 6 (0) 2 : 0.0000999500 0.0000999500 0.0000999500 0.0000999500 0.0000999500 0.9994000000 0.0000999500
7 7 (0) 2 : 0.0000999500 0.0000999500 0.0000999500 0.0000999500 0.0000999500 0.9994000000 0.0000999500
8 8 (0) 2 : 0.0000999549 0.0000999549 0.0000999549 0.0000999549 0.0003582220 0.9991420000 0.0000999549
9 9 (0) 3 : 0.0000999500 0.9994000000 0.0000999500 0.0000999500 0.0000999500 0.0000999500 0.0000999500
10 10 (0) 3 : 0.0000999500 0.9994000000 0.0000999500 0.0000999500 0.0000999500 0.0000999500 0.0000999500
11 11 (0) 3 : 0.0000999500 0.9994000000 0.0000999500 0.0000999500 0.0000999500 0.0000999500 0.0000999500
12 12 (0) 3 : 0.0000999900 0.7541750000 0.0155753000 0.0455637000 0.0647335000 0.0723406000 0.0475123000
13 13 (0) 4 : 0.0000999820 0.0204044000 0.0086560800 0.0000999820 0.8592360000 0.0731012000 0.0384021000
14 14 (0) 4 : 0.0000999500 0.0000999500 0.0000999500 0.0000999500 0.9994000000 0.0000999500 0.0000999500
15 15 (0) 4 : 0.0000999550 0.0298259000 0.0000999550 0.0000999550 0.9696740000 0.0000999550 0.0000999550
16 16 (0) 4 : 0.0000999500 0.0000999500 0.0000999500 0.0000999500 0.9994000000 0.0000999500 0.0000999500
17 17 (0) 5 : 0.0000999500 0.0000999500 0.9994000000 0.0000999500 0.0000999500 0.0000999500 0.0000999500
18 18 (0) 5 : 0.0000999500 0.0000999500 0.9994000000 0.0000999500 0.0000999500 0.0000999500 0.0000999500
19 19 (0) 5 : 0.0000999500 0.0000999500 0.9994000000 0.0000999500 0.0000999500 0.0000999500 0.0000999500
20 20 (0) 5 : 0.0000999550 0.0000999550 0.9946090000 0.0048909900 0.0000999550 0.0000999550 0.0000999550
21 21 (0) 6 : 0.0165661000 0.0000999639 0.0245195000 0.9585150000 0.0000999639 0.0000999639 0.0000999639
22 22 (0) 6 : 0.0059478600 0.0000999640 0.0051688300 0.9884830000 0.0000999640 0.0000999640 0.0000999640
23 23 (0) 6 : 0.0000999500 0.0000999500 0.0000999500 0.9994000000 0.0000999500 0.0000999500 0.0000999500
24 24 (0) 6 : 0.0000999500 0.0000999500 0.0000999500 0.9994000000 0.0000999500 0.0000999500 0.0000999500
25 25 (0) 7 : 0.0000999730 0.1705650000 0.0458532000 0.6771980000 0.0000999730 0.1060840000 0.0000999730
26 26 (0) 7 : 0.0000999730 0.1056380000 0.0000999730 0.7749650000 0.0000999730 0.1057640000 0.0133331000
27 27 (0) 7 : 0.0000999820 0.1317650000 0.0096359200 0.7655120000 0.0000999820 0.0843136000 0.0085729900
28 28 (0) 7 : 0.0000999729 0.1790520000 0.0708955000 0.6419320000 0.0000999729 0.1078200000 0.0000999729
29 29 (0) 8 : 0.0718879000 0.0000999820 0.0036861200 0.8426700000 0.0053039300 0.0000999820 0.0762523000
30 30 (0) 8 : 0.0280725000 0.0000999820 0.0116361000 0.8682870000 0.0731621000 0.0000999820 0.0186428000
31 31 (0) 8 : 0.0031233200 0.0000999640 0.0000999640 0.9426640000 0.0000999640 0.0000999640 0.0538129000
32 32 (0) 8 : 0.0000999550 0.0000999550 0.0000999550 0.9465720000 0.0000999550 0.0000999550 0.0529280000
33 33 (0) 9 : 0.0359014000 0.0000999730 0.0113589000 0.2726380000 0.6798020000 0.0000999730 0.0000999730
34 34 (0) 9 : 0.0034651800 0.0000999730 0.0046875800 0.2518920000 0.7396550000 0.0000999730 0.0000999730
35 35 (0) 9 : 0.0073822800 0.0000999639 0.0000999639 0.2637650000 0.7284530000 0.0000999639 0.0000999639
36 36 (0) 9 : 0.0251700000 0.0000999730 0.0000999730 0.2658720000 0.6810740000 0.0275843000 0.0000999730
37 37 (0) 10 : 0.0207070000 0.0161370000 0.0173012000 0.0000999820 0.0000999820 0.0314862000 0.9141690000
38 38 (0) 10 : 0.0000999500 0.0000999500 0.0000999500 0.0000999500 0.0000999500 0.0000999500 0.9994000000
39 39 (0) 10 : 0.0000999730 0.0287955000 0.0000999730 0.0145229000 0.0076649000 0.0000999730 0.9487170000
40 40 (0) 10 : 0.0000999500 0.0000999500 0.0000999500 0.0000999500 0.0000999500 0.0000999500 0.9994000000
41 41 (0) 11 : 0.6330080000 0.0000999640 0.0000999640 0.0389354000 0.0000999640 0.0000999640 0.3276570000
42 42 (0) 11 : 0.1674790000 0.0000999639 0.0000999639 0.1571480000 0.0000999639 0.0000999639 0.6749730000
43 43 (0) 11 : 0.1600640000 0.0000999639 0.0000999639 0.1324280000 0.0000999639 0.0000999639 0.7071080000
44 44 (0) 11 : 0.3019770000 0.0162928000 0.0286171000 0.1590510000 0.0274952000 0.0000999910 0.4664680000
45 45 (0) 12 : 0.9994000000 0.0000999500 0.0000999500 0.0000999500 0.0000999500 0.0000999500 0.0000999500
46 46 (0) 12 : 0.9994000000 0.0000999500 0.0000999500 0.0000999500 0.0000999500 0.0000999500 0.0000999500
47 47 (0) 12 : 0.9994000000 0.0000999500 0.0000999500 0.0000999500 0.0000999500 0.0000999500 0.0000999500
48 48 (0) 12 : 0.9994000000 0.0000999500 0.0000999500 0.0000999500 0.0000999500 0.0000999500 0.0000999500
1 1 (0) 1 : 0.1700170000 0.3686700000 0.000099991 0.051642400 0.1031930000 0.1896590000 0.1167180000
2 2 (0) 1 : 0.1640380000 0.3846410000 0.000099991 0.063941200 0.0874744000 0.1918850000 0.1079200000
3 3 (0) 1 : 0.1192440000 0.2971610000 0.000099991 0.019637800 0.1265970000 0.3656580000 0.0716012000
4 4 (0) 1 : 0.1054760000 0.2938020000 0.000099991 0.062473100 0.1303870000 0.3423190000 0.0654441000
5 5 (0) 2 : 0.0000999550 0.0000999550 0.010478400 0.000099955 0.9890220000 0.0000999550 0.0000999550
6 6 (0) 2 : 0.0000999500 0.0000999500 0.000099950 0.000099950 0.9994000000 0.0000999500 0.0000999500
7 7 (0) 2 : 0.0000999500 0.0000999500 0.000099950 0.000099950 0.9994000000 0.0000999500 0.0000999500
8 8 (0) 2 : 0.0000999640 0.0193081000 0.003956320 0.000099964 0.9763360000 0.0000999640 0.0000999640
9 9 (0) 3 : 0.9994000000 0.0000999500 0.000099950 0.000099950 0.0000999500 0.0000999500 0.0000999500
10 10 (0) 3 : 0.9994000000 0.0000999500 0.000099950 0.000099950 0.0000999500 0.0000999500 0.0000999500
11 11 (0) 3 : 0.9994000000 0.0000999500 0.000099950 0.000099950 0.0000999500 0.0000999500 0.0000999500
12 12 (0) 3 : 0.7850630000 0.0682390000 0.000099991 0.057754300 0.0484908000 0.0356635000 0.0046893500
13 13 (0) 4 : 0.0465812000 0.8799870000 0.000099982 0.000099982 0.0546110000 0.0109473000 0.0076737300
14 14 (0) 4 : 0.0000999500 0.9994000000 0.000099950 0.000099950 0.0000999500 0.0000999500 0.0000999500
15 15 (0) 4 : 0.0203894000 0.9791110000 0.000099955 0.000099955 0.0000999550 0.0000999550 0.0000999550
16 16 (0) 4 : 0.0000999500 0.9994000000 0.000099950 0.000099950 0.0000999500 0.0000999500 0.0000999500
17 17 (0) 5 : 0.0000999500 0.0000999500 0.000099950 0.000099950 0.0000999500 0.0000999500 0.9994000000
18 18 (0) 5 : 0.0000999500 0.0000999500 0.000099950 0.000099950 0.0000999500 0.0000999500 0.9994000000
19 19 (0) 5 : 0.0000999500 0.0000999500 0.000099950 0.000099950 0.0000999500 0.0000999500 0.9994000000
20 20 (0) 5 : 0.0000999600 0.0000999600 0.000099960 0.000099960 0.0070238600 0.0133680000 0.9792080000
21 21 (0) 6 : 0.0000999639 0.0000999639 0.009564620 0.970159000 0.0000999639 0.0000999639 0.0198768000
22 22 (0) 6 : 0.0000999550 0.0000999550 0.000099955 0.990753000 0.0000999550 0.0000999550 0.0087476700
23 23 (0) 6 : 0.0000999500 0.0000999500 0.000099950 0.999400000 0.0000999500 0.0000999500 0.0000999500
24 24 (0) 6 : 0.0000999500 0.0000999500 0.000099950 0.999400000 0.0000999500 0.0000999500 0.0000999500
25 25 (0) 7 : 0.2215380000 0.0000999730 0.000099973 0.657568000 0.0617338000 0.0000999730 0.0588595000
26 26 (0) 7 : 0.1222060000 0.0000999820 0.000099982 0.757571000 0.0923748000 0.0258268000 0.0018215400
27 27 (0) 7 : 0.1351930000 0.0000999820 0.000099982 0.746620000 0.0917922000 0.0075794800 0.0186155000
28 28 (0) 7 : 0.2173620000 0.0000999820 0.000099982 0.635901000 0.0702049000 0.0073333300 0.0689983000
29 29 (0) 8 : 0.0000999730 0.0000999730 0.067212800 0.856412000 0.0000999730 0.0727691000 0.0033064100
30 30 (0) 8 : 0.0000999800 0.0644049000 0.021548200 0.893055000 0.0000999800 0.0194703000 0.0013218700
31 31 (0) 8 : 0.0000999640 0.0000999640 0.020513200 0.945802000 0.0000999640 0.0332846000 0.0000999640
32 32 (0) 8 : 0.0000999500 0.0000999500 0.000099950 0.966993000 0.0000999500 0.0325074000 0.0000999500
33 33 (0) 9 : 0.0000999730 0.6605010000 0.027243800 0.298707000 0.0000999730 0.0000999730 0.0132480000
34 34 (0) 9 : 0.0000999730 0.7048690000 0.022341700 0.268801000 0.0000999730 0.0000999730 0.0036889100
35 35 (0) 9 : 0.0000999730 0.6835840000 0.006926740 0.297922000 0.0000999730 0.0000999730 0.0112671000
36 36 (0) 9 : 0.0000999730 0.6253290000 0.027267800 0.308749000 0.0383536000 0.0000999730 0.0000999730
37 37 (0) 10 : 0.0052404500 0.0000999910 0.043938900 0.013231600 0.0286415000 0.8955560000 0.0132911000
38 38 (0) 10 : 0.0000999500 0.0000999500 0.000099950 0.000099950 0.0000999500 0.9994000000 0.0000999500
39 39 (0) 10 : 0.0000999900 0.0150285000 0.000449042 0.036546100 0.0043027400 0.9417960000 0.0017774500
40 40 (0) 10 : 0.0000999500 0.0000999500 0.000099950 0.000099950 0.0000999500 0.9994000000 0.0000999500
41 41 (0) 11 : 0.0000999640 0.0000999640 0.622887000 0.032348900 0.0000999640 0.3443640000 0.0000999640
42 42 (0) 11 : 0.0000999639 0.0000999639 0.165464000 0.151617000 0.0000999639 0.6825190000 0.0000999639
43 43 (0) 11 : 0.0000999639 0.0000999639 0.159008000 0.131267000 0.0000999639 0.7093240000 0.0000999639
44 44 (0) 11 : 0.0293599000 0.0085975500 0.285446000 0.176136000 0.0000999910 0.4735070000 0.0268533000
45 45 (0) 12 : 0.0000999550 0.0030076000 0.996493000 0.000099955 0.0000999550 0.0000999550 0.0000999550
46 46 (0) 12 : 0.0000999500 0.0000999500 0.999400000 0.000099950 0.0000999500 0.0000999500 0.0000999500
47 47 (0) 12 : 0.0000999500 0.0000999500 0.999400000 0.000099950 0.0000999500 0.0000999500 0.0000999500
48 48 (0) 12 : 0.0000999550 0.0037417200 0.995759000 0.000099955 0.0000999550 0.0000999550 0.0000999550
1 1 (0) 1 : 0.1639440000 0.3756320000 0.1113630000 0.0000999900 0.2087870000 0.0237662000 0.1164080000
2 2 (0) 1 : 0.1580200000 0.3714800000 0.1036290000 0.0000999910 0.2096440000 0.0202853000 0.1368420000
3 3 (0) 1 : 0.0993723000 0.2465470000 0.0702494000 0.0000999910 0.3835480000 0.0009665460 0.1992170000
4 4 (0) 1 : 0.0877843000 0.2505770000 0.0554802000 0.0000999900 0.3726800000 0.0468896000 0.1864890000
5 5 (0) 2 : 0.0000999550 0.0000999550 0.0000999550 0.0107396000 0.0000999550 0.0000999550 0.9887610000
6 6 (0) 2 : 0.0000999500 0.0000999500 0.0000999500 0.0000999500 0.0000999500 0.0000999500 0.9994000000
7 7 (0) 2 : 0.0000999500 0.0000999500 0.0000999500 0.0000999500 0.0000999500 0.0000999500 0.9994000000
8 8 (0) 2 : 0.0000999640 0.0099806300 0.0000999640 0.0114435000 0.0000999640 0.0000999640 0.9781760000
9 9 (0) 3 : 0.9994000000 0.0000999500 0.0000999500 0.0000999500 0.0000999500 0.0000999500 0.0000999500
10 10 (0) 3 : 0.9994000000 0.0000999500 0.0000999500 0.0000999500 0.0000999500 0.0000999500 0.0000999500
11 11 (0) 3 : 0.9994000000 0.0000999500 0.0000999500 0.0000999500 0.0000999500 0.0000999500 0.0000999500
12 12 (0) 3 : 0.7772210000 0.0727477000 0.0259134000 0.0000999910 0.0436021000 0.0128970000 0.0675188000
13 13 (0) 4 : 0.0300454000 0.8799980000 0.0057610100 0.0000999820 0.0219257000 0.0000999820 0.0620696000
14 14 (0) 4 : 0.0000999500 0.9994000000 0.0000999500 0.0000999500 0.0000999500 0.0000999500 0.0000999500
15 15 (0) 4 : 0.0239103000 0.9755900000 0.0000999549 0.0000999549 0.0000999549 0.0000999549 0.0000999549
16 16 (0) 4 : 0.0000999500 0.9994000000 0.0000999500 0.0000999500 0.0000999500 0.0000999500 0.0000999500
17 17 (0) 5 : 0.0000999500 0.0000999500 0.9994000000 0.0000999500 0.0000999500 0.0000999500 0.0000999500
18 18 (0) 5 : 0.0000999500 0.0000999500 0.9994000000 0.0000999500 0.0000999500 0.0000999500 0.0000999500
19 19 (0) 5 : 0.0000999500 0.0000999500 0.9994000000 0.0000999500 0.0000999500 0.0000999500 0.0000999500
20 20 (0) 5 : 0.0000999700 0.0000999700 0.9877880000 0.0000999700 0.0053760900 0.0051524100 0.0013833600
21 21 (0) 6 : 0.0000999639 0.0000999639 0.0160644000 0.0021840900 0.0000999639 0.9813520000 0.0000999639
22 22 (0) 6 : 0.0000999640 0.0000999640 0.0093456100 0.0079570500 0.0000999640 0.9822970000 0.0000999640
23 23 (0) 6 : 0.0000999500 0.0000999500 0.0000999500 0.0000999500 0.0000999500 0.9994000000 0.0000999500
24 24 (0) 6 : 0.0000999500 0.0000999500 0.0000999500 0.0000999500 0.0000999500 0.9994000000 0.0000999500
25 25 (0) 7 : 0.1964580000 0.0000999730 0.0510298000 0.0000999730 0.0000999730 0.6623230000 0.0898894000
26 26 (0) 7 : 0.1325580000 0.0000999730 0.0000999730 0.0000999730 0.0344507000 0.7258490000 0.1068430000
27 27 (0) 7 : 0.1479270000 0.0000999820 0.0101479000 0.0000999820 0.0139715000 0.7163490000 0.1114050000
28 28 (0) 7 : 0.2138480000 0.0000999820 0.0753732000 0.0000999820 0.0144499000 0.6258840000 0.0702452000
29 29 (0) 8 : 0.0000999730 0.0056921700 0.0000999730 0.0739358000 0.0753848000 0.8446870000 0.0000999730
30 30 (0) 8 : 0.0000999800 0.0659516000 0.0136240000 0.0245429000 0.0175778000 0.8781040000 0.0000999800
31 31 (0) 8 : 0.0000999640 0.0000999640 0.0000999640 0.0169600000 0.0496150000 0.9330250000 0.0000999640
32 32 (0) 8 : 0.0000999550 0.0000999550 0.0000999550 0.0000999550 0.0431745000 0.9563260000 0.0000999550
33 33 (0) 9 : 0.0000999820 0.6344420000 0.0167288000 0.0413680000 0.0000999820 0.2952290000 0.0120330000
34 34 (0) 9 : 0.0000999800 0.6715090000 0.0047175800 0.0108723000 0.0000999800 0.3083220000 0.0043795900
35 35 (0) 9 : 0.0000999800 0.6402890000 0.0177843000 0.0124381000 0.0000999800 0.3130360000 0.0162518000
36 36 (0) 9 : 0.0000999700 0.6414780000 0.0000999700 0.0306855000 0.0000999700 0.2877620000 0.0397746000
37 37 (0) 10 : 0.0175085000 0.0000999910 0.0140018000 0.0671956000 0.8767980000 0.0036890700 0.0207066000
38 38 (0) 10 : 0.0000999500 0.0000999500 0.0000999500 0.0000999500 0.9994000000 0.0000999500 0.0000999500
39 39 (0) 10 : 0.0057618100 0.0359154000 0.0117688000 0.0175718000 0.9110970000 0.0177848000 0.0000999910
40 40 (0) 10 : 0.0000999500 0.0000999500 0.0000999500 0.0000999500 0.9994000000 0.0000999500 0.0000999500
41 41 (0) 11 : 0.0000999640 0.0000999640 0.0000999640 0.6288540000 0.3466070000 0.0241394000 0.0000999640
42 42 (0) 11 : 0.0000999600 0.0000999600 0.0000999600 0.1797860000 0.6589260000 0.1608880000 0.0000999600
43 43 (0) 11 : 0.0000999639 0.0000999639 0.0000999639 0.1839160000 0.6756840000 0.1400000000 0.0000999639
44 44 (0) 11 : 0.0120320000 0.0025318700 0.0417753000 0.2990260000 0.4437980000 0.1844070000 0.0164310000
45 45 (0) 12 : 0.0000999640 0.0008948080 0.0000999640 0.9985070000 0.0000999640 0.0000999640 0.0001984120
46 46 (0) 12 : 0.0000999500 0.0000999500 0.0000999500 0.9994000000 0.0000999500 0.0000999500 0.0000999500
47 47 (0) 12 : 0.0000999500 0.0000999500 0.0000999500 0.9994000000 0.0000999500 0.0000999500 0.0000999500
48 48 (0) 12 : 0.0000999500 0.0000999500 0.0000999500 0.9994000000 0.0000999500 0.0000999500 0.0000999500
