-------------------------------------------------------------------------------
 L       Percentage of nodes in the largest component
 D       Percentage of nodes in components of size at most 3 [-div option]
 R       Percentage of nodes not in L or D: 100 - L -D
 S       Percentage of nodes that are singletons
 E       Fraction of edges retained (input graph has 9900)
 cce     Expected size of component, nodewise [ sum(sz^2) / sum^2(sz) ]
 EW      Edge weight traits (mean, median and IQR)
 ND      Node degree traits [mean, median and IQR]
 CCF     Clustering coefficient (scale 1-100)
 eff     Induced component efficiency relative to start graph (scale 1-1000)
Total number of nodes: 100
----------------------------------------------------------------------------------------------
  L   D   R   S     E     cce  EWmean   EWmed   EWiqr  NDmean   NDmed  NDiqr CCF  eff  Cutoff 
----------------------------------------------------------------------------------------------
100   0   0   0 0.968     100    0.81    0.97    0.40    95.8    99.5    8.5   -    -     0.50
100   0   0   0 0.968     100    0.81    0.97    0.40    95.8    99.5    8.5   -    -     0.51
100   0   0   0 0.968     100    0.81    0.97    0.40    95.8    99.5    8.5   -    -     0.52
100   0   0   0 0.968     100    0.81    0.97    0.40    95.8    99.5    8.5   -    -     0.53
100   0   0   0 0.966     100    0.81    0.97    0.40    95.6    99.5    8.5   -    -     0.54
100   0   0   0 0.966     100    0.81    0.97    0.40    95.6    99.5    8.5   -    -     0.55
100   0   0   0 0.966     100    0.81    0.97    0.40    95.6    99.5    8.5   -    -     0.56
100   0   0   0 0.952     100    0.81    0.97    0.39    94.3    98.5    8.5   -    -     0.57
100   0   0   0 0.819     100    0.85    0.98    0.34    81.1    89.5    0.5   -    -     0.58
 92   0   8   0 0.644      85    0.92    0.98    0.01    63.8    77.5    1.5   -    -     0.59
 92   0   8   0 0.628      85    0.93    0.98    0.01    62.2    76.5    0.5   -    -     0.60
 92   0   8   0 0.628      85    0.93    0.98    0.01    62.2    76.5    0.5   -    -     0.61
 92   0   8   0 0.628      85    0.93    0.98    0.01    62.2    76.5    0.5   -    -     0.62
 92   0   8   0 0.628      85    0.93    0.98    0.01    62.2    76.5    0.5   -    -     0.63
 92   0   8   0 0.607      85    0.94    0.98    0.01    60.1    74.5    3.5   -    -     0.64
 92   0   8   0 0.569      85    0.96    0.98    0.01    56.4    72.5   53.5   -    -     0.65
 72   0  28   0 0.555      56    0.97    0.98    0.01    55.0    71.5   52.5   -    -     0.66
 72   0  28   0 0.555      56    0.97    0.98    0.01    55.0    71.5   52.5   -    -     0.67
 72   0  28   0 0.555      56    0.97    0.98    0.01    54.9    71.5   52.5   -    -     0.68
 72   0  28   0 0.546      56    0.97    0.98    0.00    54.1    71.5   56.5   -    -     0.69
 72   0  28   0 0.542      55    0.98    0.98    0.00    53.7    71.5   59.5   -    -     0.70
 72   0  28   0 0.541      55    0.98    0.98    0.00    53.6    71.5   59.5   -    -     0.71
 72   0  28   0 0.541      55    0.98    0.98    0.00    53.5    71.5   59.5   -    -     0.72
 72   2  26   0 0.540      54    0.98    0.98    0.00    53.5    71.5   59.5   -    -     0.73
 72   2  26   0 0.540      54    0.98    0.98    0.00    53.5    71.5   59.5   -    -     0.74
 72   2  26   0 0.540      54    0.98    0.98    0.00    53.5    71.5   59.5   -    -     0.75
 72   2  26   0 0.540      54    0.98    0.98    0.00    53.5    71.5   59.5   -    -     0.76
 72   2  26   0 0.540      54    0.98    0.98    0.00    53.5    71.5   59.5   -    -     0.77
 72   2  26   0 0.540      54    0.98    0.98    0.00    53.5    71.5   59.5   -    -     0.78
 72   2  26   0 0.540      54    0.98    0.98    0.00    53.5    71.5   59.5   -    -     0.79
 72   2  26   0 0.540      54    0.98    0.98    0.00    53.5    71.5   59.5   -    -     0.80
 72   2  26   0 0.540      54    0.98    0.98    0.00    53.5    71.5   59.5   -    -     0.81
 72   2  26   0 0.540      54    0.98    0.98    0.00    53.5    71.5   59.5   -    -     0.82
 72   2  26   0 0.540      54    0.98    0.98    0.00    53.5    71.5   59.5   -    -     0.83
 72   2  26   0 0.540      54    0.98    0.98    0.00    53.5    71.5   59.5   -    -     0.84
 72   2  26   0 0.540      54    0.98    0.98    0.00    53.5    71.5   59.5   -    -     0.85
 72   2  26   0 0.540      54    0.98    0.98    0.00    53.5    71.5   59.5   -    -     0.86
 72   2  26   0 0.540      54    0.98    0.98    0.00    53.5    71.5   59.5   -    -     0.87
 72   2  26   2 0.538      54    0.98    0.98    0.00    53.2    71.5   59.5   -    -     0.88
 72   2  26   2 0.531      54    0.98    0.98    0.00    52.5    70.5   58.5   -    -     0.89
 72   2  26   2 0.526      54    0.98    0.98    0.00    52.1    70.5   58.5   -    -     0.90
 71   3  26   3 0.525      53    0.98    0.98    0.00    52.0    70.5   58.5   -    -     0.91
 71   3  26   3 0.525      53    0.98    0.98    0.00    52.0    70.5   58.5   -    -     0.92
 71   3  26   3 0.525      53    0.98    0.98    0.00    52.0    70.5   58.5   -    -     0.93
 71   3  26   3 0.525      53    0.98    0.98    0.00    52.0    70.5   58.5   -    -     0.94
 71   3  26   3 0.525      53    0.98    0.98    0.00    52.0    70.5   58.5   -    -     0.95
 71   3  26   3 0.525      53    0.98    0.98    0.00    52.0    70.5   58.5   -    -     0.96
 71   3  26   3 0.515      53    0.98    0.98    0.00    50.9    69.5   58.5   -    -     0.97
 71  11  18   8 0.322      52    0.98    0.98    0.00    31.8    37.5   44.5   -    -     0.98
  0 100   0 100 0.000       1    0.00    0.00    0.00     0.0     0.5    0.5   -    -     0.99
---------------------------------------------------------------------------------------------
